4259.574
7200.2799
3075.6924
9849.015
4438.5561
6393.3606
3844.6155
8649.135
3825.6174
5639.436
8388.1611
5485.4514
3603.6396
7750.2249
9272.0727
4979.502
2698.7301
9579.042
697.9302
3075.6924
4801.5198
8717.1282
1459.854
4540.5459
544.9455
3035.6964
3229.677
4157.5842
9509.049
2006.7993
3760.6239
7050.2949
7151.2848
2922.7077
807.9192
9422.0577
8407.1592
6351.3648
3206.6793
8905.1094
3976.6023
2852.7147
3758.6241
4138.5861
3579.642
90.9909
328.9671
15.9984
2348.7651
104.9895
9329.067
7000.2999
596.9403
4444.5555
6639.336
749.925
4489.551
4870.5129
1737.8262
3887.6112
8279.172
4937.5062
5265.4734
8540.1459
7267.2732
2331.7668
7411.2588
851.9148
2707.7292
8425.1574
1517.8482
7035.2964
5947.4052
9317.0682
6324.3675
6219.378
491.9508
4851.5148
7023.2976
7182.2817
3311.6688
5488.4511
4144.5855
7891.2108
9178.0821
9327.0672
7912.2087
4250.5749
518.9481
4965.5034
27.9972
515.9484
9188.0811
7772.2227
3725.6274
7130.2869
7795.2204
7084.2915
7138.2861
5625.4374
3833.6166
9444.0555
2100.7899
4330.5669
683.9316
7096.2903
5889.411
7257.2742
3416.6583
3872.6127
8152.1847
1754.8245
1540.8459
4787.5212
9099.09
2724.7275
3583.6416
6450.3549
9633.0366
8683.1316
5555.4444
8037.1962
7843.2156
3486.6513
9098.0901
2781.7218
4189.581
8751.1248
9226.0773
8280.1719
2423.7576
3598.6401
6610.3389
444.9555
7566.2433
5759.424
228.9771
8346.1653
7194.2805
6801.3198
3684.6315
8877.1122
5515.4484
2847.7152
3057.6942
6452.3547
780.9219
6631.3368
8562.1437
1839.816
8470.1529
2942.7057
7406.2593
8174.1825
2238.7761
6690.3309
860.9139
8572.1427
2627.7372
5861.4138
9837.0162
4162.5837
8147.1852
6370.3629
3992.6007
4115.5884
3390.6609
9381.0618
6184.3815
7867.2132
7591.2408
9370.0629
1087.8912
6717.3282
9880.0119
6354.3645
7495.2504
2447.7552
2743.7256
1588.8411
3284.6715
809.919
2135.7864
33.9966
4181.5818
2361.7638
8308.1691
1707.8292
1546.8453
2014.7985
6051.3948
4087.5912
3071.6928
8207.1792
475.9524
8580.1419
6595.3404
3847.6152
2954.7045
9961.0038
1966.8033
5648.4351
2835.7164
738.9261
1504.8495
3972.6027
8875.1124
2586.7413
7270.2729
4721.5278
3452.6547
9369.063
9039.096
5555.4444
577.9422
7906.2093
7479.252
6314.3685
4403.5596
3678.6321
5016.4983
6684.3315
1962.8037
9477.0522
1926.8073
6186.3813
3392.6607
7542.2457
6018.3981
4755.5244
8653.1346
9464.0535
4181.5818
847.9152
5173.4826
6428.3571
858.9141
6732.3267
9077.0922
7324.2675
5990.4009
7357.2642
4633.5366
3695.6304
8802.1197
5788.4211
5723.4276
6101.3898
5465.4534
1262.8737
6833.3166
7328.2671
3674.6325
8520.1479
1845.8154
1546.8453
8231.1768
8722.1277
4825.5174
4105.5894
4563.5436
9519.048
3632.6367
5809.419
7387.2612
3837.6162
6200.3799
7028.2971
9472.0527
3297.6702
6111.3888
414.9585
4347.5652
4298.5701
601.9398
5414.4585
6947.3052
8622.1377
6191.3808
5547.4452
3809.619
4499.55
8341.1658
4112.5887
910.9089
7260.2739
1238.8761
3849.615
9802.0197
6045.3954
4296.5703
7479.252
9901.0098
717.9282
7647.2352
1662.8337
9695.0304
3894.6105
8761.1238
7963.2036
3945.6054
9277.0722
3979.602
483.9516
286.9713
3386.6613
2956.7043
9594.0405
1067.8932
2762.7237
3290.6709
3630.6369
1884.8115
4498.5501
2719.728
9540.0459
7828.2171
3243.6756
6806.3193
8409.159
443.9556
3683.6316
7077.2922
5431.4568
1702.8297
5328.4671
3274.6725
5344.4655
3150.6849
328.9671
1165.8834
9337.0662
1535.8464
1841.8158
2232.7767
3330.6669
3622.6377
8515.1484
9782.0217
6600.3399
4459.554
5143.4856
4002.5997
52.9947
7089.291
7003.2996
4696.5303
3054.6945
5577.4422
5167.4832
3195.6804
3198.6801
3266.6733
7433.2566
2559.744
2575.7424
7665.2334
4314.5685
5709.429
6354.3645
289.971
4763.5236
4850.5149
4716.5283
4237.5762
7514.2485
1537.8462
7167.2832
1399.86
44.9955
916.9083
4236.5763
4262.5737
4214.5785
857.9142
4806.5193
9994.0005
9504.0495
1172.8827
5763.4236
1422.8577
5917.4082
2425.7574
4289.571
3089.691
2539.746
3065.6934
9431.0568
3866.6133
2800.7199
907.9092
2566.7433
1898.8101
6019.398
1853.8146
8453.1546
8128.1871
2285.7714
6776.3223
1141.8858
6786.3213
5300.4699
5534.4465
9215.0784
6343.3656
9747.0252
673.9326
5370.4629
2289.771
1732.8267
3342.6657
2724.7275
2875.7124
3641.6358
6131.3868
3297.6702
3361.6638
5968.4031
9986.0013
3856.6143
5041.4958
1192.8807
8151.1848
3996.6003
7668.2331
6451.3548
5143.4856
1478.8521
3522.6477
1063.8936
1111.8888
614.9385
5739.426
3003.6996
559.944
6818.3181
4556.5443
6115.3884
4866.5133
9781.0218
3566.6433
2373.7626
2055.7944
1376.8623
5741.4258
7282.2717
6130.3869
6968.3031
9127.0872
8650.1349
4493.5506
507.9492
8604.1395
817.9182
5148.4851
9387.0612
1152.8847
18.9981
1308.8691
5855.4144
4958.5041
9064.0935
8815.1184
1480.8519
381.9618
4761.5238
2937.7062
7580.2419
1388.8611
7186.2813
5476.4523
1720.8279
3032.6967
4118.5881
3740.6259
1771.8228
18.9981
6437.3562
6488.3511
5365.4634
7567.2432
6097.3902
5296.4703
3733.6266
947.9052
9054.0945
2437.7562
1680.8319
1612.8387
764.9235
1680.8319
1348.8651
1276.8723
1446.8553
5135.4864
2534.7465
8376.1623
6682.3317
9061.0938
7632.2367
8931.1068
5314.4685
4366.5633
3702.6297
2731.7268
218.9781
3523.6476
4644.5355
965.9034
3029.697
3298.6701
6434.3565
6113.3886
4562.5437
1326.8673
4571.5428
5670.4329
2112.7887
8231.1768
6925.3074
101.9898
842.9157
9153.0846
1904.8095
9785.0214
7399.26
4917.5082
7818.2181
8047.1952
6188.3811
6882.3117
9968.0031
9981.0018
83.9916
5522.4477
4311.5688
5947.4052
3739.626
649.935
4108.5891
6231.3768
1115.8884
4433.5566
9852.0147
4284.5715
3531.6468
4350.5649
6925.3074
4824.5175
3236.6763
5750.4249
2680.7319
7713.2286
2753.7246
983.9016
9450.0549
3562.6437
2783.7216
2965.7034
9296.0703
1142.8857
3377.6622
7471.2528
6227.3772
8604.1395
9799.02
2846.7153
518.9481
1195.8804
9903.0096
6508.3491
9642.0357
9454.0545
3081.6918
7490.2509
7893.2106
3056.6943
1169.883
4724.5275
5884.4115
7392.2607
9641.0358
8605.1394
7901.2098
1362.8637
7093.2906
626.9373
592.9407
9615.0384
1309.869
7736.2263
4463.5536
3880.6119
1568.8431
3203.6796
6945.3054
7235.2764
6123.3876
7042.2957
3926.6073
5022.4977
8930.1069
4042.5957
7694.2305
5915.4084
6969.303
3381.6618
6759.324
3735.6264
4838.5161
6437.3562
4105.5894
8634.1365
8391.1608
5147.4852
3630.6369
2991.7008
8104.1895
9680.0319
6670.3329
1763.8236
7191.2808
9554.0445
38.9961
9950.0049
1606.8393
9941.0058
7322.2677
3373.6626
1513.8486
7028.2971
5251.4748
112.9887
2763.7236
2707.7292
8612.1387
2102.7897
96.9903
6155.3844
9127.0872
9845.0154
3413.6586
2941.7058
3440.6559
9529.047
2762.7237
9038.0961
9219.078
1554.8445
3084.6915
3781.6218
7214.2785
5279.472
2972.7027
543.9456
3935.6064
2569.743
550.9449
2120.7879
5055.4944
7898.2101
5442.4557
880.9119
7109.289
6932.3067
7070.2929
7668.2331
4118.5881
3650.6349
5283.4716
8185.1814
4450.5549
8685.1314
1475.8524
3613.6386
8060.1939
7501.2498
9449.055
647.9352
4280.5719
330.9669
4475.5524
3153.6846
8844.1155
2363.7636
3419.658
1748.8251
8480.1519
5889.411
1049.895
6446.3553
8344.1655
2050.7949
2390.7609
7907.2092
6530.3469
942.9057
8100.1899
6087.3912
5584.4415
340.9659
2001.7998
5498.4501
9336.0663
7327.2672
6556.3443
8189.181
3650.6349
5522.4477
8162.1837
948.9051
7862.2137
2146.7853
9883.0116
8449.155
7140.2859
7025.2974
2011.7988
6284.3715
6955.3044
6248.3751
1090.8909
8119.188
2815.7184
7926.2073
4543.5456
5867.4132
1671.8328
9750.0249
3169.683
8066.1933
244.9755
3275.6724
2637.7362
25.9974
2807.7192
5614.4385
3340.6659
7619.238
6507.3492
7792.2207
3368.6631
3891.6108
3209.679
331.9668
5419.458
7848.2151
4837.5162
3958.6041
8734.1265
2453.7546
2387.7612
9642.0357
8104.1895
6887.3112
9751.0248
6700.3299
3633.6366
692.9307
3283.6716
953.9046
4821.5178
6506.3493
5950.4049
7098.2901
1222.8777
9593.0406
2758.7241
5164.4835
336.9663
159.984
431.9568
7605.2394
9240.0759
2823.7176
8961.1038
3129.687
3451.6548
9809.019
5387.4612
9010.0989
5178.4821
3739.626
81.9918
2778.7221
8313.1686
6046.3953
6325.3674
9284.0715
5860.4139
2010.7989
5261.4738
1560.8439
6495.3504
8491.1508
294.9705
9279.072
1178.8821
2128.7871
9296.0703
7149.285
1936.8063
7984.2015
8940.1059
5377.4622
9538.0461
7875.2124
5176.4823
3839.616
5643.4356
2428.7571
2068.7931
4691.5308
7389.261
7982.2017
1246.8753
7139.286
7800.2199
8420.1579
4365.5634
3294.6705
4383.5616
1692.8307
2949.705
6469.353
3426.6573
2851.7148
4962.5037
3581.6418
1751.8248
2444.7555
5813.4186
2451.7548
8975.1024
5397.4602
1675.8324
431.9568
2850.7149
5685.4314
7341.2658
6247.3752
4906.5093
6613.3386
1084.8915
7527.2472
552.9447
6779.322
7993.2006
1433.8566
2818.7181
2758.7241
7158.2841
4262.5737
4005.5994
1538.8461
6679.332
8043.1956
2777.7222
8606.1393
3743.6256
5728.4271
6317.3682
3397.6602
9771.0228
1027.8972
7797.2202
5662.4337
3524.6475
6982.3017
2996.7003
1353.8646
3910.6089
515.9484
904.9095
8455.1544
4970.5029
3692.6307
3137.6862
1244.8755
6591.3408
635.9364
7851.2148
650.9349
1529.847
268.9731
8515.1484
5062.4937
9098.0901
9272.0727
6106.3893
7250.2749
7374.2625
8450.1549
8347.1652
9955.0044
327.9672
3966.6033
9366.0633
4818.5181
4386.5613
1677.8322
9839.016
4781.5218
6841.3158
9362.0637
9167.0832
5810.4189
8775.1224
8189.181
5706.4293
3115.6884
1161.8838
9449.055
9597.0402
3097.6902
3918.6081
5598.4401
8517.1482
8816.1183
1660.8339
1648.8351
7369.263
8301.1698
4696.5303
6962.3037
8126.1873
7556.2443
5224.4775
6176.3823
1729.827
7529.247
1148.8851
6992.3007
4218.5781
6974.3025
426.9573
298.9701
6657.3342
2273.7726
2352.7647
1757.8242
1514.8485
7688.2311
2226.7773
135.9864
9785.0214
7170.2829
1249.875
5705.4294
3845.6154
7684.2315
5110.4889
649.935
3100.6899
2824.7175
2382.7617
1350.8649
2039.796
77.9922
6920.3079
3621.6378
8184.1815
4143.5856
6519.348
2512.7487
7989.201
7613.2386
4762.5237
595.9404
732.9267
1013.8986
6546.3453
200.9799
1625.8374
1283.8716
2378.7621
7758.2241
8672.1327
4738.5261
5686.4313
6378.3621
7712.2287
9356.0643
9744.0255
2612.7387
5209.479
8903.1096
7840.2159
8508.1491
71.9928
7124.2875
708.9291
4488.5511
8181.1818
901.9098
4407.5592
3521.6478
4285.5714
9953.0046
589.941
9988.0011
5264.4735
3981.6018
47.9952
6640.3359
3778.6221
8470.1529
8073.1926
5909.409
9448.0551
3341.6658
446.9553
5607.4392
7064.2935
2757.7242
6688.3311
7169.283
4223.5776
8148.1851
1281.8718
148.9851
9404.0595
5299.47
6221.3778
7773.2226
5959.404
8153.1846
1335.8664
9315.0684
3389.661
1340.8659
3651.6348
9153.0846
5700.4299
2979.702
2829.717
9782.0217
2888.7111
665.9334
257.9742
1870.8129
8959.104
8617.1382
5392.4607
2257.7742
8190.1809
5284.4715
9359.064
6878.3121
4624.5375
6208.3791
7255.2744
7294.2705
3473.6526
1215.8784
3954.6045
7337.2662
4770.5229
1711.8288
7980.2019
2030.7969
3731.6268
5154.4845
3700.6299
595.9404
4530.5469
3694.6305
6104.3895
7654.2345
7864.2135
1215.8784
1250.8749
7819.218
7866.2133
3653.6346
1939.806
3765.6234
4525.5474
3298.6701
6623.3376
5808.4191
9230.0769
9863.0136
8524.1475
3297.6702
6225.3774
873.9126
5449.455
9670.0329
9173.0826
1986.8013
1927.8072
2972.7027
7649.235
2011.7988
8786.1213
2550.7449
9262.0737
8155.1844
3670.6329
8170.1829
8505.1494
242.9757
4128.5871
1210.8789
3231.6768
6094.3905
7635.2364
8084.1915
7696.2303
6906.3093
6734.3265
9694.0305
3691.6308
2368.7631
6560.3439
1370.8629
9067.0932
5285.4714
7279.272
8659.134
3501.6498
5758.4241
5002.4997
4541.5458
3047.6952
717.9282
2149.785
8398.1601
7606.2393
2688.7311
4278.5721
695.9304
6085.3914
5167.4832
7485.2514
4760.5239
6173.3826
3756.6243
427.9572
7777.2222
4683.5316
898.9101
2712.7287
9896.0103
6372.3627
1462.8537
7170.2829
7354.2645
4763.5236
6458.3541
7463.2536
1393.8606
8737.1262
620.9379
8675.1324
5119.488
4626.5373
8354.1645
2260.7739
8202.1797
9134.0865
8820.1179
2816.7183
5278.4721
4394.5605
6326.3673
7392.2607
8926.1073
1632.8367
1715.8284
5002.4997
3494.6505
6278.3721
2800.7199
6315.3684
8600.1399
8286.1713
7338.2661
386.9613
39.996
6674.3325
9512.0487
9914.0085
8432.1567
9608.0391
822.9177
5915.4084
7463.2536
9853.0146
3663.6336
1168.8831
6945.3054
8573.1426
7920.2079
3988.6011
5783.4216
3619.638
7664.2335
31.9968
7345.2654
9862.0137
2118.7881
3057.6942
2944.7055
7587.2412
9329.067
6826.3173
5468.4531
7715.2284
6028.3971
4311.5688
2752.7247
4684.5315
9381.0618
6618.3381
3198.6801
5360.4639
7967.2032
4011.5988
4581.5418
3227.6772
4000.5999
68.9931
5706.4293
3040.6959
2514.7485
5137.4862
9494.0505
8101.1898
6417.3582
2743.7256
4017.5982
1171.8828
942.9057
9667.0332
4806.5193
3765.6234
3525.6474
9141.0858
3235.6764
4245.5754
1462.8537
6465.3534
6167.3832
8678.1321
2892.7107
8673.1326
9224.0775
5038.4961
1816.8183
4626.5373
9329.067
7236.2763
1332.8667
7100.2899
6231.3768
2638.7361
2214.7785
2900.7099
269.973
6658.3341
9190.0809
4966.5033
5093.4906
3046.6953
6851.3148
6806.3193
2162.7837
2016.7983
2355.7644
9483.0516
876.9123
7426.2573
9876.0123
5378.4621
6554.3445
9409.059
6871.3128
6684.3315
47.9952
7493.2506
2073.7926
209.979
4011.5988
5252.4747
3549.645
2702.7297
3650.6349
9040.0959
221.9778
7484.2515
7555.2444
350.9649
2118.7881
154.9845
2237.7762
8714.1285
7806.2193
6630.3369
4292.5707
9220.0779
458.9541
1067.8932
2884.7115
6145.3854
9701.0298
2719.728
2519.748
4313.5686
5081.4918
4078.5921
7184.2815
3410.6589
41.9958
2133.7866
9462.0537
6086.3913
6785.3214
1734.8265
989.901
9092.0907
4539.546
3483.6516
8454.1545
5859.414
6650.3349
2346.7653
6751.3248
6717.3282
538.9461
5355.4644
3120.6879
1255.8744
5075.4924
2641.7358
3734.6265
5111.4888
927.9072
1047.8952
8795.1204
4472.5527
5744.4255
7992.2007
2807.7192
2459.754
7871.2128
4632.5367
5003.4996
7121.2878
2059.794
7501.2498
1725.8274
5587.4412
4612.5387
9870.0129
8626.1373
5019.498
152.9847
2632.7367
9512.0487
4253.5746
2919.708
616.9383
5295.4704
6667.3332
692.9307
1045.8954
6213.3786
9776.0223
4757.5242
2444.7555
1527.8472
9027.0972
1665.8334
1368.8631
4746.5253
5660.4339
8857.1142
4437.5562
6400.3599
4700.5299
6921.3078
2674.7325
2941.7058
438.9561
2604.7395
6085.3914
7433.2566
8896.1103
5515.4484
5219.478
2642.7357
5657.4342
9084.0915
5197.4802
8835.1164
9033.0966
9131.0868
9024.0975
2119.788
8461.1538
2725.7274
6078.3921
3518.6481
8675.1324
9698.0301
5284.4715
8247.1752
4936.5063
5822.4177
4203.5796
5462.4537
9047.0952
7257.2742
3506.6493
5632.4367
4816.5183
7739.226
528.9471
9483.0516
4516.5483
8754.1245
4227.5772
3830.6169
6999.3
6682.3317
8971.1028
4870.5129
9269.073
4632.5367
223.9776
6665.3334
9866.0133
8849.115
7235.2764
4458.5541
2783.7216
1014.8985
704.9295
6449.355
9340.0659
5844.4155
6958.3041
5118.4881
9749.025
2301.7698
3216.6783
6745.3254
145.9854
540.9459
418.9581
2157.7842
4131.5868
6141.3858
473.9526
1728.8271
3101.6898
1256.8743
81.9918
2479.752
4328.5671
1390.8609
9055.0944
4214.5785
839.916
3976.6023
7304.2695
2044.7955
2417.7582
6620.3379
5083.4916
8179.182
4981.5018
1058.8941
6529.347
3975.6024
8817.1182
6516.3483
2753.7246
6240.3759
9233.0766
8517.1482
5260.4739
4635.5364
6525.3474
3594.6405
7871.2128
6716.3283
3194.6805
8178.1821
6810.3189
2284.7715
7551.2448
2278.7721
3351.6648
1350.8649
4916.5083
1448.8551
3651.6348
8706.1293
6678.3321
686.9313
8634.1365
3920.6079
2343.7656
8253.1746
1039.896
5801.4198
9863.0136
3386.6613
4186.5813
2013.7986
5900.4099
6457.3542
2245.7754
5288.4711
7730.2269
8767.1232
182.9817
1206.8793
9039.096
2721.7278
3594.6405
1568.8431
7255.2744
6854.3145
1972.8027
759.924
9918.0081
4898.5101
6506.3493
6475.3524
8499.15
4953.5046
5644.4355
7525.2474
5072.4927
1313.8686
8317.1682
3864.6135
5236.4763
2297.7702
5875.4124
8363.1636
3161.6838
3164.6835
6221.3778
9754.0245
4851.5148
485.9514
8431.1568
8287.1712
3470.6529
7714.2285
138.9861
6819.318
6197.3802
8753.1246
2184.7815
2646.7353
2742.7257
4739.526
2202.7797
1814.8185
8544.1455
2057.7942
2656.7343
5915.4084
668.9331
3056.6943
2626.7373
4850.5149
700.9299
3662.6337
5459.454
6788.3211
1382.8617
15.9984
8093.1906
6943.3056
4933.5066
3382.6617
8080.1919
5594.4405
4583.5416
7356.2643
9301.0698
1256.8743
373.9626
1789.821
4530.5469
4603.5396
5211.4788
7752.2247
970.9029
2976.7023
1334.8665
5766.4233
7606.2393
8881.1118
295.9704
1724.8275
2447.7552
1791.8208
4778.5221
7465.2534
9993.0006
5830.4169
474.9525
9307.0692
1076.8923
9893.0106
1085.8914
4266.5733
37.9962
6734.3265
926.9073
1999.8
8658.1341
8217.1782
9242.0757
5563.4436
3741.6258
1099.89
6710.3289
5950.4049
530.9469
8183.1816
9243.0756
1419.858
4419.558
5091.4908
2141.7858
3334.6665
7684.2315
9539.046
5164.4835
9408.0591
3590.6409
3970.6029
1002.8997
8089.191
8474.1525
608.9391
991.9008
5592.4407
1350.8649
3446.6553
4009.599
6100.3899
3152.6847
1359.864
6422.3577
4282.5717
2945.7054
1734.8265
8844.1155
9416.0583
1804.8195
8113.1886
7871.2128
1088.8911
2969.703
7700.2299
8279.172
4665.5334
4726.5273
5751.4248
6610.3389
6211.3788
7955.2044
3458.6541
865.9134
5404.4595
6708.3291
1551.8448
1331.8668
8011.1988
6527.3472
2043.7956
6225.3774
4800.5199
119.988
2957.7042
144.9855
1566.8433
9440.0559
8282.1717
6942.3057
5483.4516
3768.6231
949.905
5823.4176
3017.6982
6732.3267
5734.4265
4591.5408
1116.8883
9950.0049
1476.8523
3644.6355
5194.4805
1387.8612
5145.4854
4834.5165
4515.5484
6402.3597
4137.5862
3849.615
1830.8169
4278.5721
4259.574
6272.3727
6507.3492
999.9
5171.4828
7723.2276
3896.6103
4522.5477
5392.4607
6173.3826
1212.8787
4228.5771
313.9686
8308.1691
1693.8306
9216.0783
7080.2919
3209.679
4539.546
6734.3265
5483.4516
4061.5938
391.9608
4800.5199
3246.6753
2553.7446
2066.7933
5426.4573
6473.3526
503.9496
6007.3992
5545.4454
6886.3113
1000.8999
8773.1226
6590.3409
5690.4309
236.9763
7203.2796
8269.173
8586.1413
425.9574
2467.7532
7689.231
7282.2717
69.993
9627.0372
240.9759
2628.7371
8351.1648
2082.7917
4968.5031
4085.5914
1724.8275
4971.5028
8895.1104
5982.4017
7610.2389
3375.6624
4041.5958
7219.278
3791.6208
5114.4885
9691.0308
4971.5028
786.9213
6347.3652
1099.89
2424.7575
4621.5378
4753.5246
1115.8884
3482.6517
2675.7324
5214.4785
8937.1062
577.9422
3562.6437
5088.4911
8188.1811
9063.0936
274.9725
601.9398
713.9286
9438.0561
7809.219
570.9429
7521.2478
6462.3537
3404.6595
1469.853
6429.357
5848.4151
896.9103
7506.2493
5578.4421
3749.625
391.9608
7091.2908
4181.5818
4713.5286
1113.8886
8797.1202
1665.8334
3787.6212
8282.1717
6847.3152
2820.7179
478.9521
9157.0842
9221.0778
5081.4918
4526.5473
9431.0568
6553.3446
8323.1676
5391.4608
3097.6902
8490.1509
2232.7767
4899.51
7264.2735
5791.4208
9569.043
1081.8918
6048.3951
3890.6109
7524.2475
5291.4708
7669.233
4283.5716
5350.4649
5047.4952
2013.7986
2529.747
4356.5643
7782.2217
5476.4523
288.9711
3125.6874
2212.7787
2847.7152
7293.2706
2059.794
8766.1233
7501.2498
8633.1366
7429.257
9035.0964
4307.5692
7941.2058
4183.5816
574.9425
2431.7568
9036.0963
9453.0546
1284.8715
9248.0751
6580.3419
457.9542
9056.0943
214.9785
9572.0427
667.9332
7309.269
8112.1887
4993.5006
7988.2011
699.93
628.9371
4455.5544
4688.5311
8566.1433
9197.0802
2517.7482
5311.4688
23.9976
4111.5888
3866.6133
9685.0314
6190.3809
6277.3722
7983.2016
20.9979
7980.2019
648.9351
6919.308
8813.1186
3427.6572
5460.4539
8457.1542
4698.5301
1565.8434
5786.4213
4237.5762
5999.4
1397.8602
1669.833
748.9251
3624.6375
6981.3018
8718.1281
6238.3761
6141.3858
5618.4381
1664.8335
4660.5339
9325.0674
9889.011
2465.7534
463.9536
4880.5119
7385.2614
8640.1359
1721.8278
6915.3084
3335.6664
1584.8415
7620.2379
439.956
9978.0021
2372.7627
7085.2914
2185.7814
774.9225
1599.84
3498.6501
3413.6586
3802.6197
9846.0153
7632.2367
30.9969
293.9706
1565.8434
592.9407
1707.8292
8587.1412
9522.0477
6002.3997
4588.5411
5908.4091
5598.4401
8203.1796
9280.0719
3525.6474
8637.1362
1677.8322
7748.2251
4837.5162
5099.49
2527.7472
1077.8922
3979.602
8514.1485
3651.6348
9433.0566
1677.8322
4593.5406
1052.8947
5633.4366
7958.2041
4605.5394
6421.3578
3229.677
3918.6081
2276.7723
3707.6292
6009.399
7249.275
3112.6887
9822.0177
5537.4462
7212.2787
513.9486
4213.5786
3370.6629
6338.3661
1808.8191
5587.4412
3363.6636
188.9811
579.942
504.9495
6233.3766
7081.2918
3183.6816
314.9685
2425.7574
4319.568
4578.5421
8624.1375
8336.1663
9173.0826
6701.3298
7989.201
6326.3673
8519.148
7336.2663
8159.184
2912.7087
4603.5396
7163.2836
9594.0405
4314.5685
1728.8271
9041.0958
1877.8122
5254.4745
6821.3178
2749.725
2371.7628
5689.431
3636.6363
4133.5866
3399.66
844.9155
1192.8807
9395.0604
8917.1082
2017.7982
2121.7878
1516.8483
8279.172
161.9838
6657.3342
1495.8504
2852.7147
9340.0659
7035.2964
7291.2708
2956.7043
8533.1466
2720.7279
8863.1136
6013.3986
5407.4592
1065.8934
9523.0476
609.939
3692.6307
208.9791
5555.4444
7385.2614
4849.515
118.9881
1225.8774
7333.2666
1823.8176
9053.0946
6610.3389
6860.3139
4782.5217
9402.0597
2623.7376
6345.3654
841.9158
1291.8708
8005.1994
9369.063
9484.0515
722.9277
4109.589
6525.3474
6982.3017
2015.7984
7900.2099
9650.0349
2854.7145
2803.7196
2702.7297
5224.4775
5378.4621
9636.0363
3569.643
3038.6961
4945.5054
6295.3704
1750.8249
5620.4379
5811.4188
4965.5034
9044.0955
9377.0622
86.9913
62.9937
5143.4856
9437.0562
4850.5149
4737.5262
4691.5308
2833.7166
7329.267
6794.3205
1319.868
6400.3599
5036.4963
2940.7059
8689.131
5884.4115
9102.0897
7455.2544
8901.1098
6275.3724
5166.4833
9330.0669
6635.3364
6777.3222
4367.5632
3998.6001
3369.663
5922.4077
805.9194
1311.8688
599.94
4046.5953
1977.8022
9211.0788
8919.108
859.914
9755.0244
5303.4696
231.9768
6644.3355
3754.6245
2396.7603
1042.8957
414.9585
3583.6416
3558.6441
165.9834
7291.2708
8390.1609
6635.3364
4528.5471
8629.137
3158.6841
453.9546
9277.0722
9266.0733
7464.2535
8829.117
8647.1352
9697.0302
1673.8326
57.9942
498.9501
5869.413
9027.0972
5146.4853
7904.2095
7642.2357
6287.3712
5715.4284
5469.453
2494.7505
7655.2344
200.9799
343.9656
6380.3619
1814.8185
6506.3493
8011.1988
8639.136
4828.5171
9273.0726
223.9776
3624.6375
3159.684
5892.4107
1108.8891
9252.0747
5813.4186
392.9607
9933.0066
2221.7778
1489.851
1801.8198
7730.2269
9899.01
1636.8363
1800.8199
416.9583
4779.522
3242.6757
6006.3993
1559.844
566.9433
3474.6525
7209.279
5373.4626
113.9886
3410.6589
9277.0722
6956.3043
7999.2
3713.6286
1502.8497
9371.0628
7326.2673
982.9017
7696.2303
4186.5813
9.999
9812.0187
5215.4784
9460.0539
2689.731
1307.8692
540.9459
5832.4167
6514.3485
6020.3979
7345.2654
1219.878
8566.1433
2560.7439
2503.7496
5187.4812
2509.749
7581.2418
3273.6726
2286.7713
6125.3874
9363.0636
471.9528
7414.2585
9700.0299
2071.7928
709.929
2121.7878
5834.4165
9084.0915
7772.2227
425.9574
588.9411
2251.7748
8990.1009
4972.5027
7766.2233
5167.4832
1458.8541
1436.8563
8976.1023
7350.2649
8295.1704
4137.5862
470.9529
2805.7194
3533.6466
2214.7785
1901.8098
252.9747
8699.13
6006.3993
7403.2596
2697.7302
7215.2784
6104.3895
7257.2742
5964.4035
1606.8393
3966.6033
5881.4118
6466.3533
7160.2839
6026.3973
2170.7829
8255.1744
7803.2196
8797.1202
1986.8013
844.9155
1716.8283
4452.5547
4132.5867
288.9711
6241.3758
6475.3524
5177.4822
9428.0571
388.9611
2847.7152
4421.5578
206.9793
8206.1793
7980.2019
7574.2425
9832.0167
7914.2085
817.9182
3184.6815
2342.7657
3237.6762
4116.5883
5708.4291
4009.599
6998.3001
7292.2707
5766.4233
5253.4746
4366.5633
4201.5798
9436.0563
2697.7302
8465.1534
3613.6386
9508.0491
2916.7083
1967.8032
8510.1489
4665.5334
7243.2756
6371.3628
9902.0097
5691.4308
6885.3114
3549.645
5555.4444
845.9154
4389.561
5416.4583
6797.3202
6956.3043
307.9692
8228.1771
4081.5918
274.9725
7916.2083
7328.2671
8959.104
2695.7304
7939.206
3638.6361
1571.8428
7521.2478
2672.7327
2306.7693
5675.4324
2226.7773
3190.6809
4211.5788
9559.044
4554.5445
1141.8858
7664.2335
2190.7809
9740.0259
6297.3702
4820.5179
9123.0876
4462.5537
5228.4771
7243.2756
9509.049
793.9206
8514.1485
7323.2676
219.978
3853.6146
6336.3663
7541.2458
872.9127
9339.066
8633.1366
5734.4265
3744.6255
9111.0888
5847.4152
3374.6625
1299.87
1960.8039
2819.718
6680.3319
3117.6882
2050.7949
6472.3527
2082.7917
5610.4389
7728.2271
6898.3101
5563.4436
6694.3305
2658.7341
3961.6038
2934.7065
9725.0274
1603.8396
4318.5681
6653.3346
4442.5557
5920.4079
7905.2094
5354.4645
8551.1448
875.9124
6146.3853
7988.2011
9725.0274
4545.5454
8926.1073
5817.4182
8602.1397
7132.2867
4095.5904
7178.2821
7026.2973
9921.0078
7396.2603
7060.2939
2662.7337
6203.3796
934.9065
3541.6458
6915.3084
2690.7309
9258.0741
6703.3296
3894.6105
1278.8721
8405.1594
6822.3177
7757.2242
2096.7903
3923.6076
6394.3605
9515.0484
9823.0176
2138.7861
1564.8435
2088.7911
5393.4606
2832.7167
1816.8183
9482.0517
8904.1095
6161.3838
7076.2923
4385.5614
885.9114
4589.541
6068.3931
24.9975
6139.386
5732.4267
3422.6577
6906.3093
7656.2343
1976.8023
2260.7739
7710.2289
3888.6111
1328.8671
2352.7647
412.9587
2982.7017
4062.5937
4757.5242
5116.4883
2560.7439
7130.2869
3704.6295
1444.8555
6837.3162
5353.4646
3080.6919
7993.2006
2337.7662
5755.4244
5597.4402
799.92
6425.3574
4893.5106
9441.0558
6710.3289
78.9921
7601.2398
89.991
1588.8411
3948.6051
8139.186
2412.7587
9928.0071
6047.3952
9891.0108
5224.4775
8853.1146
824.9175
4373.5626
1814.8185
2653.7346
9767.0232
9904.0095
6150.3849
4006.5993
6986.3013
8367.1632
1011.8988
2383.7616
4785.5214
3323.6676
7393.2606
9495.0504
8568.1431
8664.1335
9660.0339
5884.4115
2723.7276
9420.0579
6115.3884
2175.7824
6637.3362
3278.6721
327.9672
1724.8275
6781.3218
6904.3095
6746.3253
3970.6029
3524.6475
3323.6676
3896.6103
4636.5363
5812.4187
4165.5834
3685.6314
3124.6875
356.9643
1687.8312
4731.5268
3337.6662
6666.3333
9916.0083
3791.6208
7205.2794
2018.7981
3388.6611
8828.1171
9191.0808
7024.2975
9372.0627
2416.7583
2240.7759
1295.8704
7587.2412
6722.3277
3661.6338
4066.5933
530.9469
8494.1505
93.9906
185.9814
6473.3526
1011.8988
8225.1774
1110.8889
5268.4731
2364.7635
734.9265
9320.0679
1880.8119
5502.4497
417.9582
940.9059
2810.7189
4348.5651
7617.2382
9618.0381
3078.6921
1838.8161
3511.6488
7186.2813
5808.4191
6305.3694
9618.0381
7693.2306
5767.4232
1875.8124
1578.8421
7712.2287
7549.245
4527.5472
7955.2044
244.9755
8962.1037
5428.4571
1802.8197
2367.7632
9003.0996
2974.7025
8164.1835
9226.0773
4362.5637
8939.106
4507.5492
9529.047
1449.855
6949.305
2128.7871
4032.5967
7875.2124
7919.208
1862.8137
2763.7236
3431.6568
9088.0911
669.933
2400.7599
2766.7233
8476.1523
8152.1847
8285.1714
4041.5958
4395.5604
7523.2476
4681.5318
2398.7601
3987.6012
9365.0634
544.9455
360.9639
6892.3107
3497.6502
6136.3863
4072.5927
4797.5202
9041.0958
5533.4466
8998.1001
6232.3767
24.9975
2779.722
1546.8453
8380.1619
7572.2427
1204.8795
8769.123
823.9176
7022.2977
8196.1803
9146.0853
9689.031
9085.0914
3648.6351
3175.6824
417.9582
7057.2942
9476.0523
7769.223
6563.3436
4416.5583
7399.26
2002.7997
802.9197
8853.1146
344.9655
2726.7273
9319.068
1317.8682
591.9408
4069.593
5648.4351
369.963
1066.8933
9742.0257
1666.8333
6601.3398
1632.8367
1951.8048
5542.4457
5232.4767
5796.4203
3859.614
3743.6256
2722.7277
1763.8236
1539.846
3868.6131
1155.8844
1249.875
7440.2559
1696.8303
4745.5254
2547.7452
8031.1968
9306.0693
6969.303
5978.4021
609.939
414.9585
6249.375
3436.6563
952.9047
4516.5483
5669.433
8887.1112
405.9594
9090.0909
6018.3981
6283.3716
195.9804
217.9782
4969.503
5791.4208
4957.5042
1039.896
8612.1387
1901.8098
7027.2972
1516.8483
1248.8751
6331.3668
9811.0188
8279.172
3143.6856
2527.7472
7908.2091
8127.1872
1739.826
92.9907
9403.0596
6139.386
2249.775
1353.8646
5637.4362
6100.3899
3598.6401
941.9058
8488.1511
319.968
9794.0205
2325.7674
3184.6815
6827.3172
6285.3714
847.9152
418.9581
3437.6562
9472.0527
3922.6077
8011.1988
1978.8021
3844.6155
9383.0616
5026.4973
844.9155
7416.2583
507.9492
6239.376
8762.1237
7253.2746
5744.4255
7892.2107
8254.1745
5352.4647
2823.7176
45.9954
3124.6875
7522.2477
7111.2888
6781.3218
517.9482
6330.3669
1103.8896
6471.3528
6285.3714
6423.3576
1287.8712
7040.2959
2946.7053
9313.0686
7296.2703
725.9274
35.9964
5609.439
7618.2381
1984.8015
4732.5267
8258.1741
3587.6412
7952.2047
8139.186
6077.3922
413.9586
8652.1347
6055.3944
4898.5101
9186.0813
3384.6615
4431.5568
2522.7477
756.9243
424.9575
424.9575
633.9366
2697.7302
2037.7962
4935.5064
1406.8593
9880.0119
5624.4375
2625.7374
759.924
3208.6791
7996.2003
1197.8802
1772.8227
1988.8011
2382.7617
3291.6708
6612.3387
4306.5693
9786.0213
8587.1412
6136.3863
5923.4076
4535.5464
2380.7619
1433.8566
2394.7605
3482.6517
6603.3396
9307.0692
3312.6687
2093.7906
836.9163
3785.6214
7697.2302
1842.8157
6926.3073
7575.2424
408.9591
9797.0202
7099.29
4025.5974
9069.093
3469.653
6636.3363
376.9623
1534.8465
9040.0959
9051.0948
6594.3405
2965.7034
7558.2441
5230.4769
6460.3539
5422.4577
6240.3759
3574.6425
1470.8529
4633.5366
1072.8927
5255.4744
1495.8504
7774.2225
926.9073
3660.6339
8139.186
4485.5514
8639.136
8517.1482
1486.8513
9195.0804
2020.7979
1752.8247
3989.601
4981.5018
7799.22
8232.1767
7568.2431
8085.1914
201.9798
5492.4507
1807.8192
1275.8724
7952.2047
663.9336
6220.3779
6595.3404
5076.4923
9629.037
6838.3161
5091.4908
1642.8357
3253.6746
3489.651
206.9793
7974.2025
2671.7328
1635.8364
8815.1184
2549.745
7913.2086
2614.7385
5419.458
3736.6263
8328.1671
5438.4561
56.9943
3943.6056
2000.7999
5857.4142
9513.0486
904.9095
5681.4318
2192.7807
189.981
7484.2515
3316.6683
4123.5876
4775.5224
5846.4153
3229.677
7895.2104
1881.8118
2552.7447
2974.7025
569.943
759.924
5961.4038
3186.6813
5516.4483
7483.2516
7324.2675
1817.8182
584.9415
446.9553
7339.266
1822.8177
8162.1837
3445.6554
635.9364
5360.4639
3868.6131
8774.1225
3006.6993
492.9507
2450.7549
299.97
9948.0051
3170.6829
1931.8068
7985.2014
2864.7135
8829.117
6440.3559
1261.8738
7081.2918
7296.2703
3671.6328
6367.3632
4749.525
6447.3552
7185.2814
9071.0928
6680.3319
9694.0305
3347.6652
2271.7728
7894.2105
6965.3034
1611.8388
3237.6762
3701.6298
1440.8559
3411.6588
5293.4706
4087.5912
7470.2529
7984.2015
5335.4664
4207.5792
6325.3674
763.9236
7793.2206
2547.7452
8666.1333
1853.8146
5853.4146
4958.5041
2905.7094
9627.0372
3814.6185
3014.6985
2826.7173
6839.316
386.9613
498.9501
6717.3282
1223.8776
2719.728
1822.8177
9753.0246
7465.2534
4520.5479
2988.7011
8734.1265
2373.7626
1261.8738
4000.5999
7783.2216
5028.4971
8120.1879
8007.1992
4537.5462
2738.7261
9087.0912
1590.8409
5365.4634
5528.4471
2921.7078
4923.5076
954.9045
9259.074
6606.3393
512.9487
2537.7462
2626.7373
7702.2297
659.934
2786.7213
7108.2891
4666.5333
5380.4619
6150.3849
2067.7932
3841.6158
1735.8264
7544.2455
6593.3406
3337.6662
5642.4357
5808.4191
4587.5412
9231.0768
61.9938
7370.2629
9059.094
7941.2058
6055.3944
617.9382
824.9175
7325.2674
1251.8748
9353.0646
9375.0624
8614.1385
4662.5337
4040.5959
4141.5858
152.9847
4902.5097
796.9203
9846.0153
850.9149
6713.3286
7922.2077
6390.3609
6597.3402
8045.1954
5425.4574
7837.2162
4593.5406
191.9808
9785.0214
2013.7986
7480.2519
2395.7604
1888.8111
482.9517
2822.7177
3543.6456
2583.7416
4632.5367
2417.7582
28.9971
8231.1768
2235.7764
4141.5858
2587.7412
7872.2127
3114.6885
4696.5303
3560.6439
1693.8306
9221.0778
7869.213
5724.4275
4798.5201
425.9574
5871.4128
8830.1169
6078.3921
6835.3164
5192.4807
2644.7355
8237.1762
8297.1702
140.9859
5720.4279
1466.8533
1034.8965
7622.2377
437.9562
1464.8535
8654.1345
4363.5636
4509.549
5098.4901
8294.1705
9688.0311
9781.0218
4185.5814
6666.3333
319.968
7822.2177
585.9414
6125.3874
6713.3286
3762.6237
6117.3882
2893.7106
9563.0436
1648.8351
8613.1386
9010.0989
3473.6526
170.9829
8033.1966
3324.6675
1474.8525
3567.6432
7798.2201
6878.3121
6690.3309
912.9087
4530.5469
7794.2205
1167.8832
4486.5513
6220.3779
2036.7963
8226.1773
6124.3875
5082.4917
5407.4592
2006.7993
8881.1118
938.9061
2200.7799
7407.2592
7742.2257
5347.4652
9513.0486
2924.7075
2311.7688
6879.312
361.9638
5853.4146
7413.2586
3133.6866
4173.5826
8506.1493
5940.4059
6846.3153
8907.1092
1027.8972
5821.4178
7936.2063
9926.0073
1535.8464
3042.6957
7755.2244
5819.418
4290.5709
9860.0139
7623.2376
487.9512
5427.4572
5968.4031
3266.6733
719.928
3701.6298
3881.6118
3145.6854
8582.1417
7661.2338
6984.3015
3930.6069
1507.8492
3074.6925
3886.6113
8712.1287
6824.3175
7714.2285
321.9678
7936.2063
5220.4779
8690.1309
1674.8325
1963.8036
5917.4082
8714.1285
3861.6138
4013.5986
8250.1749
2120.7879
1307.8692
6721.3278
9065.0934
6704.3295
6159.384
2435.7564
9832.0167
5320.4679
7728.2271
205.9794
837.9162
2407.7592
5629.437
7949.205
3456.6543
6623.3376
5885.4114
2599.74
1931.8068
7167.2832
7404.2595
7482.2517
3067.6932
7812.2187
2031.7968
592.9407
9357.0642
5514.4485
2459.754
5616.4383
3873.6126
6679.332
6983.3016
6776.3223
685.9314
5224.4775
6149.385
7922.2077
5688.4311
2903.7096
6550.3449
4524.5475
5612.4387
2871.7128
2710.7289
2463.7536
7875.2124
2929.707
2866.7133
4071.5928
9604.0395
3500.6499
4215.5784
4480.5519
9040.0959
2638.7361
82.9917
9655.0344
1241.8758
5099.49
4710.5289
7946.2053
3294.6705
4535.5464
984.9015
2153.7846
2789.721
972.9027
749.925
7759.224
3660.6339
6159.384
1817.8182
9206.0793
3248.6751
1384.8615
4615.5384
751.9248
2893.7106
5221.4778
4483.5516
8937.1062
2836.7163
7001.2998
3631.6368
8449.155
9621.0378
6344.3655
8460.1539
6291.3708
5747.4252
1333.8666
6349.365
6945.3054
5600.4399
2478.7521
8083.1916
5810.4189
75.9924
535.9464
2708.7291
7087.2912
8104.1895
1671.8328
9308.0691
8693.1306
3548.6451
186.9813
80.9919
9851.0148
685.9314
3907.6092
3269.673
867.9132
5227.4772
6089.391
856.9143
4995.5004
6562.3437
6901.3098
3295.6704
8357.1642
8023.1976
4937.5062
2076.7923
762.9237
4217.5782
1399.86
5743.4256
6564.3435
9861.0138
3619.638
6827.3172
4945.5054
9883.0116
1114.8885
4130.5869
4298.5701
8081.1918
4590.5409
9618.0381
3157.6842
7559.244
1070.8929
7785.2214
69.993
4484.5515
8788.1211
7057.2942
6989.301
5877.4122
5681.4318
4205.5794
7895.2104
6018.3981
7105.2894
5004.4995
4430.5569
3336.6663
4720.5279
5427.4572
4258.5741
8515.1484
1815.8184
2469.753
5966.4033
4131.5868
8310.1689
7130.2869
8957.1042
9332.0667
7065.2934
7638.2361
3579.642
7916.2083
9252.0747
9329.067
7223.2776
9449.055
8372.1627
2449.755
618.9381
3914.6085
3508.6491
537.9462
5884.4115
9906.0093
2616.7383
3176.6823
5640.4359
8164.1835
3017.6982
5385.4614
7952.2047
2151.7848
4292.5707
2180.7819
9944.0055
5883.4116
1056.8943
7362.2637
2844.7155
123.9876
5558.4441
4062.5937
728.9271
2804.7195
794.9205
3666.6333
7879.212
1249.875
5806.4193
2034.7965
9948.0051
1365.8634
3944.6055
9921.0078
7871.2128
8235.1764
8481.1518
2423.7576
4166.5833
9989.001
1997.8002
9963.0036
5044.4955
6366.3633
3531.6468
9296.0703
9359.064
8847.1152
8840.1159
874.9125
6735.3264
8344.1655
4754.5245
4279.572
9082.0917
5480.4519
2712.7287
3526.6473
745.9254
2042.7957
2464.7535
2524.7475
598.9401
6050.3949
2606.7393
315.9684
4492.5507
7071.2928
7473.2526
8860.1139
4519.548
5622.4377
5411.4588
5657.4342
444.9555
3008.6991
5000.4999
7741.2258
5649.435
1240.8759
7179.282
3861.6138
9823.0176
6321.3678
824.9175
9297.0702
9592.0407
1897.8102
5501.4498
1698.8301
6779.322
3062.6937
678.9321
3822.6177
2348.7651
8019.198
8591.1408
1413.8586
4367.5632
1234.8765
3761.6238
2078.7921
8045.1954
7339.266
1954.8045
6777.3222
4577.5422
9384.0615
4173.5826
65.9934
7944.2055
9981.0018
1475.8524
1020.8979
6006.3993
5678.4321
3790.6209
5335.4664
8951.1048
7491.2508
5112.4887
144.9855
6711.3288
3364.6635
3727.6272
6807.3192
3305.6694
1969.803
4264.5735
2299.77
305.9694
9748.0251
4467.5532
6616.3383
7633.2366
874.9125
5377.4622
823.9176
2644.7355
1764.8235
6339.366
8619.138
3561.6438
6017.3982
101.9898
3033.6966
8214.1785
9916.0083
9998.0001
6386.3613
1612.8387
2630.7369
4954.5045
1022.8977
1056.8943
8703.1296
4267.5732
6362.3637
9468.0531
8920.1079
6550.3449
9271.0728
3236.6763
6520.3479
4600.5399
9235.0764
8625.1374
7823.2176
8169.183
127.9872
8923.1076
107.9892
8377.1622
2238.7761
1303.8696
1054.8945
9880.0119
9447.0552
922.9077
6722.3277
3036.6963
9620.0379
1883.8116
7280.2719
486.9513
2531.7468
7287.2712
8411.1588
8650.1349
4756.5243
9386.0613
9298.0701
2712.7287
9140.0859
738.9261
7158.2841
5307.4692
3910.6089
5235.4764
3732.6267
4649.535
2039.796
972.9027
5074.4925
347.9652
1663.8336
9419.058
4474.5525
7120.2879
8875.1124
8810.1189
7558.2441
655.9344
6510.3489
3437.6562
9872.0127
1165.8834
2701.7298
5517.4482
6170.3829
2571.7428
3754.6245
71.9928
3248.6751
3562.6437
3824.6175
7750.2249
2333.7666
523.9476
289.971
50.9949
4327.5672
7929.207
8087.1912
3239.676
7395.2604
7678.2321
6294.3705
3471.6528
3876.6123
5794.4205
3218.6781
2533.7466
460.9539
8457.1542
7120.2879
8631.1368
5195.4804
9995.0004
4073.5926
7466.2533
7638.2361
8386.1613
4641.5358
4093.5906
5667.4332
4890.5109
4847.5152
8054.1945
803.9196
1307.8692
3076.6923
4836.5163
2928.7071
1451.8548
4573.5426
8464.1535
2495.7504
8053.1946
1189.881
3186.6813
2478.7521
3375.6624
6062.3937
3923.6076
9871.0128
3988.6011
6029.397
2234.7765
133.9866
179.982
5941.4058
1551.8448
2170.7829
2746.7253
8543.1456
4075.5924
6119.388
1274.8725
4558.5441
9206.0793
1377.8622
6412.3587
9271.0728
4727.5272
3489.651
4733.5266
2603.7396
2648.7351
1526.8473
1430.8569
2222.7777
4326.5673
3003.6996
893.9106
2406.7593
2757.7242
1186.8813
3865.6134
8127.1872
8160.1839
6768.3231
4721.5278
9289.071
7949.205
3764.6235
877.9122
4401.5598
8711.1288
1826.8173
7666.2333
9290.0709
4747.5252
4523.5476
8543.1456
5548.4451
33.9966
7658.2341
3277.6722
1435.8564
1952.8047
5203.4796
407.9592
6003.3996
3833.6166
507.9492
6771.3228
5251.4748
8051.1948
7013.2986
9182.0817
8676.1323
6426.3573
2793.7206
6340.3659
8036.1963
6876.3123
7329.267
732.9267
7351.2648
9371.0628
5543.4456
7605.2394
8885.1114
1240.8759
535.9464
2874.7125
7951.2048
1448.8551
398.9601
9470.0529
1647.8352
4978.5021
9809.019
6200.3799
4718.5281
9682.0317
2974.7025
7516.2483
8106.1893
1203.8796
9881.0118
6540.3459
5897.4102
1638.8361
2266.7733
3166.6833
6342.3657
428.9571
1394.8605
6636.3363
4612.5387
7892.2107
2715.7284
7005.2994
2866.7133
9673.0326
4315.5684
4352.5647
9070.0929
9928.0071
811.9188
6907.3092
4696.5303
8202.1797
7773.2226
9628.0371
7869.213
107.9892
6234.3765
2037.7962
982.9017
5795.4204
7598.2401
8487.1512
4720.5279
3917.6082
5140.4859
9012.0987
8392.1607
6544.3455
9389.061
7850.2149
8731.1268
9304.0695
870.9129
6114.3885
952.9047
564.9435
5916.4083
2958.7041
4590.5409
2048.7951
6857.3142
1212.8787
8073.1926
5073.4926
1455.8544
2741.7258
3355.6644
8756.1243
2006.7993
1329.867
6104.3895
6349.365
2474.7525
8355.1644
7952.2047
7937.2062
8246.1753
8375.1624
8883.1116
9167.0832
4103.5896
6744.3255
8394.1605
3263.6736
7206.2793
3006.6993
8569.143
1386.8613
3275.6724
3649.635
256.9743
9376.0623
7147.2852
235.9764
3924.6075
1218.8781
8157.1842
7150.2849
2381.7618
8550.1449
8577.1422
7146.2853
4972.5027
6967.3032
9097.0902
6024.3975
5813.4186
8460.1539
3413.6586
7553.2446
1724.8275
8679.132
7184.2815
2848.7151
127.9872
6880.3119
6021.3978
7874.2125
1645.8354
6383.3616
8158.1841
1523.8476
657.9342
3142.6857
6429.357
9779.022
6435.3564
4108.5891
5542.4457
6633.3366
8755.1244
3932.6067
142.9857
4680.5319
8253.1746
538.9461
1771.8228
1627.8372
321.9678
9221.0778
5634.4365
9577.0422
8693.1306
8167.1832
4520.5479
3990.6009
7432.2567
3587.6412
3091.6908
1985.8014
154.9845
8116.1883
7857.2142
231.9768
6035.3964
7201.2798
3333.6666
4415.5584
5552.4447
9902.0097
4685.5314
6226.3773
938.9061
4015.5984
5749.425
2385.7614
2647.7352
9393.0606
547.9452
3527.6472
7424.2575
2203.7796
581.9418
5352.4647
5320.4679
1671.8328
4430.5569
3172.6827
3933.6066
6259.374
8664.1335
8482.1517
5264.4735
8933.1066
2498.7501
8755.1244
3237.6762
807.9192
9523.0476
1490.8509
7320.2679
8248.1751
7772.2227
6653.3346
477.9522
3644.6355
4913.5086
177.9822
6964.3035
4985.5014
531.9468
4553.5446
3535.6464
3652.6347
9498.0501
988.9011
8696.1303
5642.4357
8636.1363
3876.6123
1280.8719
7445.2554
4659.534
5052.4947
495.9504
9500.0499
3254.6745
1282.8717
6524.3475
7132.2867
996.9003
433.9566
5023.4976
4768.5231
6399.36
1859.814
4136.5863
5648.4351
9375.0624
6390.3609
3835.6164
3058.6941
8665.1334
9383.0616
8860.1139
5679.432
5249.475
5621.4378
2176.7823
1325.8674
3168.6831
1414.8585
4601.5398
5707.4292
1632.8367
1756.8243
9185.0814
6807.3192
2813.7186
7806.2193
61.9938
5699.43
9729.027
1215.8784
3141.6858
2951.7048
7705.2294
5933.4066
2716.7283
3683.6316
1087.8912
3509.649
8202.1797
5102.4897
4748.5251
9524.0475
7774.2225
3073.6926
9242.0757
6930.3069
4765.5234
8105.1894
4615.5384
9717.0282
3431.6568
4436.5563
3050.6949
1409.859
1824.8175
8549.145
6617.3382
7232.2767
9261.0738
8972.1027
747.9252
5895.4104
7723.2276
9120.0879
8737.1262
8180.1819
5026.4973
5184.4815
2333.7666
7941.2058
4755.5244
6071.3928
1189.881
3501.6498
5762.4237
299.97
7176.2823
8355.1644
1132.8867
806.9193
3540.6459
5041.4958
293.9706
5088.4911
7407.2592
9056.0943
1812.8187
1275.8724
7528.2471
4517.5482
1117.8882
2510.7489
2698.7301
9272.0727
749.925
14.9985
1096.8903
9191.0808
9987.0012
1643.8356
3591.6408
3651.6348
4507.5492
4632.5367
6574.3425
9208.0791
4260.5739
5062.4937
2844.7155
4701.5298
6032.3967
3814.6185
8965.1034
4877.5122
5897.4102
4139.586
3199.68
1087.8912
6380.3619
9245.0754
3456.6543
7050.2949
9086.0913
3052.6947
5179.482
3230.6769
8962.1037
2939.706
1467.8532
3334.6665
8932.1067
3402.6597
8175.1824
8841.1158
8149.185
7573.2426
7631.2368
5982.4017
5614.4385
7878.2121
9725.0274
325.9674
5893.4106
669.933
7588.2411
8123.1876
2889.711
4035.5964
2098.7901
3068.6931
1228.8771
7896.2103
7697.2302
2622.7377
8851.1148
7917.2082
8116.1883
849.915
1119.888
8927.1072
4852.5147
9215.0784
4970.5029
9257.0742
3858.6141
6736.3263
8948.1051
7531.2468
1325.8674
9458.0541
6.9993
9511.0488
3514.6485
4620.5379
8455.1544
1337.8662
8383.1616
382.9617
6769.323
6474.3525
366.9633
4512.5487
3778.6221
604.9395
9158.0841
1389.861
9774.0225
5186.4813
4519.548
374.9625
2018.7981
8709.129
4294.5705
1352.8647
4771.5228
2994.7005
5284.4715
934.9065
3156.6843
3797.6202
4004.5995
8362.1637
9147.0852
7761.2238
6143.3856
7365.2634
2830.7169
3026.6973
4746.5253
5869.413
8656.1343
2946.7053
5992.4007
9429.057
2270.7729
9473.0526
4139.586
8376.1623
2844.7155
7247.2752
9521.0478
8912.1087
7576.2423
2111.7888
5223.4776
2249.775
3694.6305
346.9653
645.9354
7155.2844
7249.275
5380.4619
2150.7849
9074.0925
2711.7288
2939.706
4181.5818
5793.4206
8977.1022
1526.8473
1994.8005
762.9237
1304.8695
2240.7759
7052.2947
2810.7189
9031.0968
2490.7509
5492.4507
8418.1581
1509.849
3345.6654
9977.0022
6602.3397
2962.7037
305.9694
459.954
3494.6505
9792.0207
2565.7434
8331.1668
4120.5879
6586.3413
3146.6853
6159.384
4353.5646
7808.2191
1645.8354
9560.0439
432.9567
9072.0927
6382.3617
8808.1191
6384.3615
6386.3613
169.983
9013.0986
5785.4214
8148.1851
1299.87
6655.3344
2630.7369
1720.8279
8226.1773
533.9466
5291.4708
8555.1444
5502.4497
8510.1489
9795.0204
4925.5074
8457.1542
1052.8947
6249.375
3331.6668
5397.4602
7162.2837
1335.8664
3161.6838
4916.5083
5087.4912
2678.7321
7089.291
6968.3031
8206.1793
9961.0038
5080.4919
8759.124
233.9766
8604.1395
5963.4036
3558.6441
6807.3192
3316.6683
2655.7344
5756.4243
3160.6839
3701.6298
3136.6863
9758.0241
5793.4206
4324.5675
5683.4316
303.9696
4151.5848
2704.7295
687.9312
3231.6768
154.9845
8216.1783
5409.459
746.9253
5809.419
7099.29
9282.0717
9547.0452
6575.3424
341.9658
611.9388
1653.8346
927.9072
827.9172
1616.8383
3078.6921
8093.1906
8903.1096
8896.1103
9319.068
9152.0847
9762.0237
4168.5831
8060.1939
7535.2464
1723.8276
2496.7503
7337.2662
4709.529
2207.7792
2927.7072
5460.4539
1179.882
3859.614
4027.5972
1000.8999
1641.8358
7682.2317
5785.4214
8638.1361
1837.8162
9620.0379
5852.4147
7984.2015
9617.0382
9765.0234
9486.0513
6439.356
3591.6408
6313.3686
1616.8383
8969.103
6091.3908
3623.6376
8828.1171
5724.4275
7296.2703
7134.2865
9956.0043
5336.4663
7084.2915
5569.443
6488.3511
6311.3688
1655.8344
3188.6811
2283.7716
7853.2146
4678.5321
8178.1821
6582.3417
1477.8522
6741.3258
8783.1216
8820.1179
344.9655
30.9969
9749.025
8363.1636
4285.5714
9697.0302
37.9962
4186.5813
2183.7816
9139.086
5726.4273
2694.7305
8206.1793
990.9009
6892.3107
7693.2306
7603.2396
5342.4657
5607.4392
8204.1795
2870.7129
1823.8176
4843.5156
1210.8789
6741.3258
1734.8265
6242.3757
7484.2515
4392.5607
4114.5885
1099.89
6879.312
9227.0772
18.9981
7217.2782
3595.6404
8884.1115
5453.4546
4521.5478
2573.7426
119.988
5286.4713
9203.0796
2500.7499
8762.1237
5500.4499
5030.4969
235.9764
5080.4919
8839.116
4145.5854
5069.493
5060.4939
8106.1893
6436.3563
4705.5294
6336.3663
7733.2266
3074.6925
5320.4679
4424.5575
5950.4049
3163.6836
1819.818
6283.3716
8907.1092
4810.5189
5846.4153
1704.8295
8020.1979
859.914
877.9122
7361.2638
5201.4798
5311.4688
7.9992
6461.3538
3743.6256
3118.6881
4736.5263
2887.7112
5854.4145
134.9865
922.9077
6417.3582
7844.2155
924.9075
6148.3851
7860.2139
1030.8969
8185.1814
135.9864
1379.862
245.9754
9800.0199
3359.664
6573.3426
1993.8006
3420.6579
5017.4982
5177.4822
1840.8159
1346.8653
5016.4983
3252.6747
1353.8646
5329.467
4326.5673
7334.2665
9228.0771
1168.8831
8328.1671
854.9145
577.9422
5788.4211
1765.8234
2537.7462
3177.6822
1279.872
9135.0864
2598.7401
710.9289
1840.8159
5479.452
9514.0485
6733.3266
9186.0813
1096.8903
9502.0497
1744.8255
293.9706
5282.4717
7252.2747
7426.2573
2311.7688
3487.6512
8033.1966
7515.2484
226.9773
2671.7328
8494.1505
1872.8127
4011.5988
5826.4173
6812.3187
7144.2855
8380.1619
1370.8629
756.9243
8058.1941
1720.8279
9511.0488
4245.5754
8920.1079
8574.1425
8600.1399
5020.4979
9830.0169
3228.6771
8808.1191
9710.0289
3470.6529
3450.6549
9038.0961
8299.17
4959.504
2557.7442
4046.5953
2768.7231
5845.4154
9114.0885
2071.7928
2302.7697
9665.0334
7603.2396
4324.5675
6519.348
9169.083
6307.3692
7527.2472
5044.4955
2034.7965
3228.6771
178.9821
8475.1524
6436.3563
470.9529
5985.4014
6065.3934
9991.0008
8028.1971
4333.5666
4258.5741
1630.8369
8765.1234
1134.8865
4287.5712
4371.5628
2206.7793
9228.0771
4382.5617
4337.5662
227.9772
746.9253
3039.696
3246.6753
3777.6222
3370.6629
6848.3151
5624.4375
928.9071
9294.0705
3163.6836
4631.5368
8227.1772
2214.7785
184.9815
3942.6057
9721.0278
7687.2312
1288.8711
6608.3391
6485.3514
8841.1158
9406.0593
7052.2947
1164.8835
2555.7444
5698.4301
911.9088
7055.2944
5818.4181
6854.3145
7699.23
4548.5451
3683.6316
1865.8134
1830.8169
5759.424
8320.1679
322.9677
2386.7613
5186.4813
1112.8887
3034.6965
9216.0783
4687.5312
8996.1003
5383.4616
7082.2917
7886.2113
2367.7632
2947.7052
6941.3058
5274.4725
4470.5529
1863.8136
1363.8636
1715.8284
726.9273
1086.8913
5923.4076
3377.6622
8626.1373
3855.6144
6287.3712
2323.7676
1329.867
4077.5922
6216.3783
92.9907
9363.0636
2684.7315
9919.008
7131.2868
8240.1759
3260.6739
8211.1788
8170.1829
7650.2349
3782.6217
3726.6273
6797.3202
3269.673
6986.3013
487.9512
9524.0475
215.9784
1650.8349
7023.2976
7476.2523
4536.5463
8753.1246
8255.1744
1507.8492
2859.714
6764.3235
5823.4176
9060.0939
6509.349
1515.8484
320.9679
4445.5554
6526.3473
702.9297
271.9728
5512.4487
5686.4313
7107.2892
9959.004
5309.469
8145.1854
4587.5412
9223.0776
3395.6604
4511.5488
2397.7602
6191.3808
484.9515
9499.05
4954.5045
7917.2082
2336.7663
7662.2337
544.9455
5403.4596
9601.0398
8924.1075
7096.2903
8810.1189
8246.1753
7821.2178
7727.2272
1674.8325
5250.4749
3745.6254
5737.4262
1683.8316
3781.6218
1114.8885
2305.7694
5480.4519
4044.5955
5618.4381
1380.8619
3505.6494
3206.6793
7775.2224
6285.3714
4592.5407
5510.4489
667.9332
1576.8423
6997.3002
3609.639
8072.1927
4352.5647
1226.8773
3623.6376
8763.1236
4818.5181
4234.5765
5324.4675
1732.8267
2928.7071
4157.5842
1039.896
7280.2719
5816.4183
7957.2042
4702.5297
9701.0298
2883.7116
9516.0483
5165.4834
1216.8783
4569.543
4072.5927
5832.4167
7668.2331
9770.0229
894.9105
9389.061
5236.4763
8330.1669
5823.4176
5806.4193
489.951
6259.374
4664.5335
417.9582
7126.2873
2016.7983
2656.7343
7790.2209
5239.476
9215.0784
7717.2282
3557.6442
6053.3946
8563.1436
4907.5092
4041.5958
4592.5407
0.9999
2944.7055
1162.8837
7665.2334
5606.4393
9358.0641
3517.6482
9607.0392
5740.4259
2179.782
1756.8243
7352.2647
1154.8845
8579.142
4215.5784
6751.3248
9319.068
7161.2838
1490.8509
5184.4815
7403.2596
2222.7777
9833.0166
5622.4377
8956.1043
5465.4534
6112.3887
3576.6423
858.9141
6695.3304
2169.783
5408.4591
6340.3659
626.9373
246.9753
2301.7698
3038.6961
8751.1248
3153.6846
6835.3164
5215.4784
3861.6138
1731.8268
5076.4923
3940.6059
4615.5384
5546.4453
2124.7875
5276.4723
7649.235
9124.0875
8375.1624
7886.2113
3587.6412
8136.1863
9397.0602
5753.4246
9827.0172
8352.1647
2285.7714
3656.6343
4009.599
876.9123
1634.8365
2645.7354
6473.3526
828.9171
3294.6705
7336.2663
9460.0539
9494.0505
5045.4954
9142.0857
7284.2715
8236.1763
1235.8764
2519.748
7572.2427
1972.8027
5844.4155
3659.634
984.9015
7500.2499
5829.417
7574.2425
5972.4027
2709.729
1282.8717
950.9049
7151.2848
533.9466
4614.5385
2454.7545
5670.4329
961.9038
1304.8695
6241.3758
9668.0331
3409.659
4285.5714
3944.6055
3297.6702
8821.1178
7167.2832
7307.2692
5532.4467
4912.5087
5624.4375
2068.7931
8282.1717
5964.4035
8164.1835
5393.4606
4368.5631
3337.6662
4197.5802
3416.6583
2636.7363
4198.5801
9636.0363
203.9796
9023.0976
8431.1568
5974.4025
8125.1874
966.9033
451.9548
9138.0861
4213.5786
6771.3228
5075.4924
6035.3964
9850.0149
6739.326
7277.2722
7913.2086
8550.1449
1901.8098
8579.142
7472.2527
5405.4594
1014.8985
3099.69
616.9383
1813.8186
4572.5427
2414.7585
7679.232
1824.8175
1972.8027
6956.3043
5162.4837
8915.1084
3966.6033
2480.7519
6558.3441
1241.8758
6981.3018
1065.8934
8239.176
4179.582
4368.5631
5895.4104
6126.3873
4252.5747
2757.7242
8580.1419
9128.0871
958.9041
4841.5158
9507.0492
128.9871
5671.4328
5635.4364
7418.2581
827.9172
27.9972
3361.6638
8033.1966
7823.2176
7287.2712
996.9003
7514.2485
8745.1254
6585.3414
1251.8748
6086.3913
1241.8758
6184.3815
3221.6778
6241.3758
4277.5722
467.9532
4020.5979
328.9671
4249.575
7206.2793
1438.8561
6647.3352
9619.038
2068.7931
6545.3454
1700.8299
7200.2799
1185.8814
1235.8764
8812.1187
1246.8753
6153.3846
616.9383
4833.5166
1652.8347
9426.0573
8015.1984
9486.0513
4261.5738
7853.2146
9371.0628
482.9517
9643.0356
2611.7388
9442.0557
9660.0339
8878.1121
9060.0939
7634.2365
728.9271
1256.8743
8633.1366
6684.3315
223.9776
6337.3662
6117.3882
4176.5823
9159.084
5349.465
5049.495
1497.8502
6545.3454
4841.5158
6178.3821
6517.3482
1580.8419
0.0
8719.128
1228.8771
9876.0123
8207.1792
4938.5061
7396.2603
9032.0967
5752.4247
9867.0132
3796.6203
7722.2277
3540.6459
9139.086
8868.1131
9759.024
6859.314
142.9857
8358.1641
7139.286
8615.1384
1597.8402
5268.4731
7303.2696
4084.5915
6488.3511
7372.2627
5580.4419
3721.6278
9135.0864
8152.1847
1168.8831
4921.5078
8060.1939
5526.4473
5410.4589
2816.7183
4009.599
838.9161
414.9585
7508.2491
8810.1189
6988.3011
285.9714
42.9957
6067.3932
7171.2828
374.9625
1069.893
6649.335
5892.4107
133.9866
3612.6387
4526.5473
8727.1272
1168.8831
8399.16
949.905
2787.7212
5494.4505
7011.2988
4730.5269
6908.3091
5053.4946
331.9668
1782.8217
3219.678
2155.7844
8204.1795
5558.4441
7660.2339
5822.4177
344.9655
3466.6533
3059.694
285.9714
8363.1636
4054.5945
8023.1976
5848.4151
2753.7246
4333.5666
3123.6876
7275.2724
7531.2468
9431.0568
9748.0251
2709.729
2662.7337
2904.7095
5154.4845
76.9923
9673.0326
9028.0971
6424.3575
5363.4636
2683.7316
9205.0794
5395.4604
3657.6342
724.9275
1346.8653
412.9587
8778.1221
2994.7005
9035.0964
6309.369
3346.6653
3611.6388
5620.4379
7154.2845
4385.5614
2627.7372
4149.585
5139.486
210.9789
5113.4886
8402.1597
5426.4573
7811.2188
4120.5879
791.9208
2876.7123
2073.7926
5042.4957
8673.1326
8513.1486
2058.7941
7741.2258
3377.6622
4350.5649
3732.6267
2954.7045
5941.4058
9394.0605
6439.356
1537.8462
2530.7469
7191.2808
83.9916
4205.5794
1734.8265
7704.2295
6007.3992
7721.2278
1084.8915
8055.1944
1409.859
188.9811
2156.7843
5387.4612
2438.7561
8742.1257
8402.1597
2047.7952
6377.3622
2490.7509
9304.0695
9581.0418
329.967
3147.6852
3402.6597
1548.8451
1391.8608
5742.4257
2060.7939
7048.2951
8144.1855
2805.7194
5435.4564
9783.0216
9758.0241
2266.7733
5649.435
4070.5929
8650.1349
8734.1265
7554.2445
9377.0622
2034.7965
8195.1804
1512.8487
5687.4312
1761.8238
1367.8632
6302.3697
6466.3533
6504.3495
8077.1922
9399.06
3412.6587
9736.0263
415.9584
4062.5937
3082.6917
5938.4061
18.9981
6825.3174
5445.4554
2399.76
7618.2381
2508.7491
8809.119
6060.3939
7746.2253
4711.5288
7321.2678
7369.263
8461.1538
5577.4422
4889.511
2978.7021
1734.8265
6934.3065
3349.665
3172.6827
5764.4235
402.9597
33.9966
8065.1934
8627.1372
1812.8187
8504.1495
4497.5502
750.9249
1685.8314
9841.0158
6327.3672
9738.0261
8359.164
5963.4036
7356.2643
3264.6735
5903.4096
8581.1418
1890.8109
4345.5654
7242.2757
9469.053
7063.2936
6714.3285
2609.739
9591.0408
2666.7333
5503.4496
6842.3157
4715.5284
661.9338
8880.1119
9217.0782
5671.4328
4002.5997
2786.7213
5058.4941
5864.4135
4000.5999
7580.2419
1789.821
553.9446
227.9772
3868.6131
4884.5115
6850.3149
429.957
4010.5989
4164.5835
8677.1322
5046.4953
7332.2667
6840.3159
6678.3321
2197.7802
2076.7923
3363.6636
669.933
4336.5663
8663.1336
4932.5067
7714.2285
2682.7317
4360.5639
9217.0782
7245.2754
4384.5615
4033.5966
6890.3109
1061.8938
2787.7212
4518.5481
8530.1469
7252.2747
870.9129
4426.5573
8401.1598
2999.7
1731.8268
6896.3103
3725.6274
2653.7346
6458.3541
9247.0752
3626.6373
5525.4474
3606.6393
6081.3918
9526.0473
7780.2219
9328.0671
7146.2853
4691.5308
7404.2595
1864.8135
2234.7765
8471.1528
1246.8753
5282.4717
1187.8812
1023.8976
1579.842
2045.7954
3390.6609
6674.3325
6948.3051
5634.4365
9560.0439
9700.0299
8956.1043
7192.2807
8564.1435
9663.0336
9306.0693
807.9192
2625.7374
3312.6687
9962.0037
2681.7318
3749.625
1221.8778
1428.8571
3526.6473
553.9446
7329.267
282.9717
1235.8764
9245.0754
2997.7002
4683.5316
3260.6739
3320.6679
6101.3898
4356.5643
8196.1803
9748.0251
7982.2017
2220.7779
8142.1857
9830.0169
821.9178
1532.8467
8423.1576
2429.757
7590.2409
775.9224
7775.2224
9882.0117
5795.4204
1205.8794
1888.8111
6286.3713
9279.072
8022.1977
7613.2386
4381.5618
8447.1552
3602.6397
8801.1198
4660.5339
6457.3542
1146.8853
3976.6023
6602.3397
9807.0192
8965.1034
1391.8608
7187.2812
1626.8373
4916.5083
8939.106
2897.7102
3740.6259
6652.3347
6053.3946
9009.099
2647.7352
643.9356
7077.2922
8044.1955
3423.6576
6599.34
7229.277
4410.5589
387.9612
5791.4208
650.9349
1087.8912
90.9909
6050.3949
8425.1574
7134.2865
4304.5695
2823.7176
3528.6471
9287.0712
3355.6644
6629.337
6580.3419
5323.4676
7516.2483
4502.5497
6038.3961
2726.7273
8885.1114
7807.2192
5219.478
4608.5391
9353.0646
7155.2844
2584.7415
5773.4226
8554.1445
3698.6301
6360.3639
8886.1113
2103.7896
2442.7557
3341.6658
6133.3866
2711.7288
8740.1259
2629.737
1976.8023
2921.7078
6233.3766
7016.2983
8096.1903
5882.4117
152.9847
3765.6234
3220.6779
3080.6919
3501.6498
3895.6104
8645.1354
4874.5125
6877.3122
4493.5506
5658.4341
3075.6924
9991.0008
5355.4644
4208.5791
1350.8649
9253.0746
4874.5125
7674.2325
9993.0006
6708.3291
4010.5989
9308.0691
5438.4561
1955.8044
7818.2181
3864.6135
577.9422
4616.5383
2421.7578
3590.6409
5126.4873
8394.1605
5762.4237
3061.6938
8439.156
638.9361
7816.2183
637.9362
7115.2884
2590.7409
7811.2188
4702.5297
5110.4889
6009.399
1417.8582
4467.5532
880.9119
1034.8965
7154.2845
2999.7
6455.3544
2147.7852
2652.7347
4150.5849
7645.2354
2725.7274
6177.3822
3094.6905
3835.6164
4539.546
9288.0711
6462.3537
7931.2068
5957.4042
5882.4117
235.9764
1649.835
3124.6875
5112.4887
9815.0184
9971.0028
1313.8686
7088.2911
8130.1869
4222.5777
7492.2507
6551.3448
155.9844
725.9274
1462.8537
4239.576
8512.1487
7253.2746
166.9833
5704.4295
8412.1587
7185.2814
6346.3653
707.9292
7552.2447
2505.7494
2790.7209
2748.7251
6949.305
3651.6348
9857.0142
6344.3655
9587.0412
1779.822
7515.2484
5330.4669
726.9273
2881.7118
8767.1232
6388.3611
901.9098
4661.5338
2073.7926
6324.3675
6002.3997
6281.3718
9176.0823
2994.7005
6246.3753
1223.8776
4981.5018
1193.8806
8964.1035
8042.1957
5894.4105
3466.6533
8519.148
446.9553
8978.1021
6664.3335
1128.8871
4715.5284
5167.4832
3008.6991
6735.3264
9347.0652
170.9829
8988.1011
7796.2203
9631.0368
6897.3102
212.9787
5122.4877
4180.5819
4395.5604
3420.6579
9537.0462
9783.0216
8518.1481
307.9692
4784.5215
8172.1827
7223.2776
1389.861
6573.3426
9580.0419
5394.4605
8941.1058
8877.1122
8494.1505
6936.3063
6779.322
7236.2763
4312.5687
4162.5837
6291.3708
5927.4072
9738.0261
5746.4253
5669.433
5305.4694
6751.3248
4064.5935
1690.8309
3605.6394
6112.3887
6574.3425
2897.7102
2679.732
7030.2969
6917.3082
8266.1733
5221.4778
7797.2202
1497.8502
5591.4408
5503.4496
5111.4888
1245.8754
5350.4649
8805.1194
1542.8457
5282.4717
156.9843
9045.0954
9820.0179
5592.4407
5092.4907
2298.7701
7876.2123
1946.8053
1244.8755
3816.6183
8954.1045
6350.3649
7339.266
116.9883
888.9111
1743.8256
7469.253
3687.6312
8646.1353
898.9101
7425.2574
7456.2543
2405.7594
5019.498
3426.6573
9146.0853
6238.3761
1036.8963
4557.5442
1808.8191
1129.887
4892.5107
9683.0316
2125.7874
1926.8073
8619.138
4405.5594
7584.2415
6222.3777
5225.4774
4425.5574
4855.5144
3663.6336
97.9902
1635.8364
5308.4691
9611.0388
3526.6473
5517.4482
5159.484
4020.5979
0.9999
9949.005
7622.2377
651.9348
5596.4403
1635.8364
3798.6201
851.9148
1125.8874
6216.3783
5880.4119
2580.7419
9616.0383
2197.7802
5919.408
4019.598
1275.8724
2384.7615
8320.1679
8641.1358
4221.5778
9097.0902
5869.413
1123.8876
6357.3642
1157.8842
5726.4273
4622.5377
462.9537
4550.5449
6168.3831
9242.0757
7391.2608
8875.1124
3228.6771
3511.6488
3860.6139
3759.624
347.9652
2173.7826
9995.0004
4586.5413
3512.6487
2434.7565
7213.2786
9489.051
5599.44
4601.5398
7933.2066
2864.7135
9585.0414
6384.3615
9098.0901
1587.8412
4240.5759
852.9147
5676.4323
8325.1674
186.9813
4731.5268
1459.854
6351.3648
1574.8425
2750.7249
3741.6258
1029.897
9482.0517
7785.2214
66.9933
571.9428
1275.8724
4277.5722
8144.1855
4815.5184
8721.1278
8653.1346
154.9845
7876.2123
5921.4078
8656.1343
9002.0997
6924.3075
5770.4229
3523.6476
576.9423
9170.0829
5818.4181
3767.6232
5938.4061
6840.3159
6945.3054
2451.7548
4808.5191
8011.1988
3712.6287
9860.0139
5108.4891
3161.6838
6762.3237
3887.6112
7382.2617
8550.1449
767.9232
975.9024
8342.1657
2891.7108
7242.2757
1577.8422
9522.0477
4510.5489
4477.5522
408.9591
4539.546
1634.8365
2375.7624
6966.3033
1461.8538
7289.271
908.9091
1067.8932
393.9606
4525.5474
324.9675
9146.0853
6413.3586
1041.8958
2528.7471
7175.2824
235.9764
4339.566
4896.5103
249.975
8429.157
2741.7258
2031.7968
2625.7374
9371.0628
7578.2421
5775.4224
3458.6541
5887.4112
6188.3811
231.9768
7749.225
5121.4878
3285.6714
5178.4821
7472.2527
5482.4517
2455.7544
7157.2842
3111.6888
5087.4912
4569.543
5148.4851
2621.7378
7180.2819
5486.4513
2509.749
4168.5831
2246.7753
8575.1424
1408.8591
9671.0328
899.91
9779.022
3205.6794
1720.8279
9988.0011
6410.3589
3801.6198
2249.775
1836.8163
9165.0834
9185.0814
3891.6108
6846.3153
268.9731
3592.6407
526.9473
372.9627
3486.6513
5303.4696
4279.572
615.9384
7069.293
6511.3488
6153.3846
6334.3665
6766.3233
9742.0257
5544.4455
4412.5587
7107.2892
1900.8099
1033.8966
9865.0134
4874.5125
3651.6348
1309.869
3880.6119
901.9098
6652.3347
3519.648
6717.3282
3502.6497
2618.7381
9891.0108
1873.8126
573.9426
7276.2723
3711.6288
6839.316
3438.6561
2994.7005
1920.8079
4062.5937
3189.681
535.9464
5221.4778
1483.8516
3788.6211
3673.6326
5092.4907
9613.0386
9098.0901
9746.0253
5760.4239
3396.6603
4942.5057
4240.5759
7914.2085
598.9401
5521.4478
1375.8624
2979.702
7598.2401
5865.4134
645.9354
2390.7609
2125.7874
9294.0705
1104.8895
2755.7244
4168.5831
293.9706
5658.4341
9030.0969
4503.5496
8896.1103
3986.6013
6398.3601
8441.1558
926.9073
1217.8782
2664.7335
7826.2173
2546.7453
6481.3518
5046.4953
1885.8114
9152.0847
2353.7646
2954.7045
3173.6826
7213.2786
5415.4584
772.9227
6471.3528
6807.3192
8024.1975
9967.0032
5241.4758
4773.5226
7044.2955
8518.1481
4301.5698
7051.2948
6010.3989
3341.6658
1781.8218
7110.2889
926.9073
1552.8447
9872.0127
8096.1903
6255.3744
6668.3331
3999.6
8285.1714
6417.3582
1567.8432
2752.7247
2273.7726
2618.7381
99.99
1527.8472
6575.3424
2883.7116
6425.3574
7625.2374
4677.5322
1694.8305
4277.5722
5059.494
2839.716
1278.8721
9087.0912
923.9076
6363.3636
4671.5328
8692.1307
696.9303
5633.4366
2660.7339
682.9317
9898.0101
5314.4685
6678.3321
4057.5942
3474.6525
2825.7174
1657.8342
8764.1235
6850.3149
1000.8999
4750.5249
2720.7279
8522.1477
1468.8531
9395.0604
3476.6523
42.9957
1861.8138
2710.7289
6372.3627
257.9742
589.941
9207.0792
57.9942
1921.8078
8848.1151
5958.4041
2072.7927
2854.7145
1742.8257
919.908
8228.1771
411.9588
418.9581
5093.4906
1453.8546
2273.7726
3033.6966
460.9539
8421.1578
2158.7841
9400.0599
9483.0516
7046.2953
1376.8623
9234.0765
9414.0585
9929.007
274.9725
9689.031
4314.5685
5192.4807
8759.124
7967.2032
9921.0078
4158.5841
7652.2347
8245.1754
9573.0426
4436.5563
3262.6737
3762.6237
8138.1861
8669.133
595.9404
639.936
9146.0853
4896.5103
6942.3057
4776.5223
692.9307
2805.7194
7622.2377
6075.3924
5555.4444
5299.47
9958.0041
4887.5112
6342.3657
4686.5313
7865.2134
8315.1684
332.9667
6310.3689
2409.759
796.9203
5363.4636
1966.8033
6808.3191
1983.8016
4656.5343
9973.0026
9918.0081
2683.7316
2946.7053
6095.3904
2706.7293
8437.1562
8201.1798
8551.1448
3721.6278
4881.5118
6329.367
9258.0741
1594.8405
9410.0589
1482.8517
6854.3145
3898.6101
4376.5623
6126.3873
9262.0737
3396.6603
7844.2155
2755.7244
4054.5945
353.9646
7951.2048
7016.2983
8798.1201
4723.5276
1939.806
9203.0796
4115.5884
2719.728
1587.8412
8899.11
7926.2073
395.9604
938.9061
4119.588
4641.5358
92.9907
579.942
8434.1565
5831.4168
2212.7787
9661.0338
4428.5571
6917.3082
5945.4054
1958.8041
4838.5161
4565.5434
894.9105
5074.4925
5175.4824
1362.8637
2107.7892
890.9109
5604.4395
2738.7261
485.9514
1091.8908
1735.8264
5374.4625
594.9405
7883.2116
4888.5111
2823.7176
8417.1582
2509.749
7.9992
4363.5636
4824.5175
1701.8298
7658.2341
3005.6994
3855.6144
1432.8567
3603.6396
1338.8661
9632.0367
9000.0999
596.9403
7258.2741
4486.5513
2931.7068
7523.2476
6762.3237
5984.4015
5211.4788
1293.8706
7906.2093
4554.5445
1055.8944
6524.3475
8160.1839
9827.0172
6259.374
3686.6313
4536.5463
9302.0697
9499.05
3468.6531
6272.3727
4300.5699
6265.3734
6719.328
3350.6649
1581.8418
8380.1619
9256.0743
9168.0831
6323.3676
3678.6321
1143.8856
8017.1982
9724.0275
8969.103
145.9854
9477.0522
2432.7567
2122.7877
2446.7553
712.9287
1767.8232
736.9263
2669.733
4748.5251
4313.5686
7198.2801
9547.0452
1621.8378
2806.7193
7779.222
2902.7097
2870.7129
3750.6249
2094.7905
7021.2978
4046.5953
8660.1339
1730.8269
6852.3147
1465.8534
9518.0481
8991.1008
5650.4349
427.9572
4560.5439
643.9356
5256.4743
6784.3215
1659.834
8628.1371
7079.292
4237.5762
7835.2164
3494.6505
3477.6522
4571.5428
5118.4881
887.9112
6940.3059
5163.4836
4429.557
70.9929
3733.6266
1719.828
6713.3286
8418.1581
3251.6748
6473.3526
3128.6871
5704.4295
4373.5626
5625.4374
9727.0272
750.9249
1113.8886
5136.4863
5431.4568
1074.8925
2601.7398
4851.5148
6537.3462
6892.3107
3848.6151
1496.8503
177.9822
7460.2539
1990.8009
4643.5356
9258.0741
9529.047
8787.1212
5940.4059
5363.4636
2710.7289
3323.6676
7455.2544
5994.4005
3224.6775
9608.0391
7060.2939
4752.5247
8694.1305
2251.7748
7842.2157
2196.7803
9037.0962
5522.4477
5000.4999
7342.2657
9494.0505
4108.5891
547.9452
5504.4495
5630.4369
7603.2396
6245.3754
1595.8404
4095.5904
3624.6375
5038.4961
1769.823
8360.1639
884.9115
1253.8746
7589.241
3701.6298
3638.6361
2622.7377
3404.6595
6599.34
562.9437
8820.1179
7709.229
2284.7715
7769.223
6074.3925
9352.0647
4552.5447
8702.1297
4987.5012
5284.4715
1906.8093
7604.2395
1460.8539
1363.8636
7362.2637
2106.7893
6387.3612
2405.7594
8954.1045
780.9219
2505.7494
6808.3191
6787.3212
9227.0772
1322.8677
1221.8778
7048.2951
7263.2736
7712.2287
3854.6145
327.9672
2428.7571
9175.0824
4019.598
8650.1349
9260.0739
0.9999
6094.3905
265.9734
9842.0157
6363.3636
470.9529
278.9721
1385.8614
9411.0588
3436.6563
6792.3207
2110.7889
6557.3442
2890.7109
5390.4609
4878.5121
3965.6034
1514.8485
3689.631
3598.6401
3622.6377
3524.6475
613.9386
5594.4405
6804.3195
440.9559
9995.0004
7823.2176
9674.0325
3597.6402
8442.1557
9859.014
2942.7057
902.9097
5673.4326
2671.7328
3735.6264
4775.5224
7874.2125
8976.1023
7256.2743
7510.2489
1618.8381
7049.295
701.9298
531.9468
9897.0102
3569.643
1605.8394
7163.2836
4040.5959
6882.3117
1043.8956
637.9362
8467.1532
5697.4302
7899.21
3610.6389
4924.5075
6452.3547
7296.2703
6774.3225
8290.1709
2543.7456
1195.8804
977.9022
3639.636
5287.4712
8423.1576
1376.8623
9458.0541
9290.0709
8561.1438
8912.1087
8128.1871
8036.1963
8912.1087
4261.5738
5513.4486
3807.6192
8745.1254
1380.8619
8949.105
8266.1733
7133.2866
8011.1988
1800.8199
6195.3804
7240.2759
2023.7976
9876.0123
201.9798
8493.1506
7225.2774
2401.7598
9896.0103
1185.8814
4035.5964
7022.2977
1168.8831
8811.1188
8229.177
9604.0395
4328.5671
1594.8405
7016.2983
3363.6636
2777.7222
4540.5459
8728.1271
1405.8594
5303.4696
9126.0873
7551.2448
3092.6907
7932.2067
8237.1762
4095.5904
5649.435
5347.4652
6767.3232
3386.6613
958.9041
260.9739
1726.8273
5138.4861
9934.0065
4490.5509
6526.3473
7615.2384
6513.3486
9149.085
8290.1709
7145.2854
252.9747
254.9745
8297.1702
6928.3071
1022.8977
6817.3182
9098.0901
3241.6758
2951.7048
7375.2624
4508.5491
650.9349
8978.1021
7161.2838
3956.6043
364.9635
2907.7092
2655.7344
8529.147
4625.5374
2036.7963
3299.67
3596.6403
9017.0982
2637.7362
3105.6894
2321.7678
9444.0555
669.933
2980.7019
6300.3699
6225.3774
6116.3883
7267.2732
3600.6399
3443.6556
626.9373
3252.6747
6120.3879
6498.3501
644.9355
8635.1364
1287.8712
782.9217
1851.8148
8655.1344
4005.5994
1738.8261
8977.1022
4017.5982
9579.042
7580.2419
2539.746
2500.7499
4090.5909
6432.3567
6903.3096
2849.715
6499.35
9641.0358
7719.228
8093.1906
4402.5597
442.9557
9117.0882
6908.3091
3166.6833
8104.1895
904.9095
9600.0399
9142.0857
1382.8617
1549.845
5387.4612
8720.1279
198.9801
9261.0738
6037.3962
744.9255
9063.0936
8590.1409
6413.3586
5406.4593
6114.3885
2508.7491
7782.2217
3340.6659
9835.0164
7403.2596
7197.2802
3487.6512
9484.0515
3561.6438
4045.5954
7700.2299
2362.7637
7818.2181
6917.3082
7994.2005
1914.8085
8503.1496
7024.2975
6970.3029
7589.241
3089.691
7320.2679
5455.4544
354.9645
3843.6156
7214.2785
8559.144
1472.8527
41.9958
2694.7305
116.9883
1594.8405
3628.6371
3431.6568
4147.5852
8750.1249
400.9599
9595.0404
2245.7754
4328.5671
8309.169
831.9168
5183.4816
7757.2242
172.9827
5788.4211
5954.4045
4093.5906
7635.2364
2552.7447
9646.0353
5459.454
9990.0009
5834.4165
8445.1554
3527.6472
6884.3115
1897.8102
5473.4526
4622.5377
456.9543
2183.7816
2431.7568
4131.5868
3167.6832
7443.2556
2864.7135
5705.4294
4884.5115
2991.7008
6992.3007
9661.0338
2170.7829
7501.2498
3486.6513
1181.8818
3793.6206
7359.264
1364.8635
2336.7663
5002.4997
5987.4012
1381.8618
1348.8651
9262.0737
4805.5194
9738.0261
1086.8913
1162.8837
8607.1392
6013.3986
3022.6977
8523.1476
6263.3736
5237.4762
920.9079
35.9964
1953.8046
1699.83
2888.7111
6458.3541
8942.1057
7410.2589
7619.238
3521.6478
8407.1592
5870.4129
1201.8798
2267.7732
3652.6347
7879.212
179.982
8496.1503
9118.0881
2814.7185
8113.1886
6959.304
9633.0366
5559.444
2539.746
7217.2782
1749.825
7935.2064
5696.4303
5601.4398
4919.508
9585.0414
210.9789
351.9648
8031.1968
5058.4941
295.9704
6540.3459
7011.2988
4578.5421
6062.3937
5465.4534
5712.4287
9901.0098
7677.2322
610.9389
5291.4708
6646.3353
9757.0242
3136.6863
5666.4333
5989.401
2719.728
2307.7692
8237.1762
6574.3425
4664.5335
6326.3673
6392.3607
7464.2535
7225.2774
1326.8673
8629.137
7583.2416
4182.5817
939.906
856.9143
9650.0349
6782.3217
266.9733
2004.7995
2165.7834
5107.4892
3851.6148
5477.4522
6711.3288
680.9319
9661.0338
7319.268
6320.3679
4765.5234
1766.8233
473.9526
3.9996
2349.765
4639.536
484.9515
6705.3294
7398.2601
2489.751
7100.2899
9831.0168
5762.4237
4532.5467
6329.367
3619.638
50.9949
7046.2953
953.9046
1095.8904
5135.4864
5379.462
4917.5082
6540.3459
1073.8926
6321.3678
5710.4289
1040.8959
4463.5536
3924.6075
8449.155
3379.662
8041.1958
431.9568
3159.684
4592.5407
363.9636
401.9598
6793.3206
7012.2987
2489.751
9527.0472
8674.1325
6151.3848
4977.5022
6333.3666
1473.8526
9965.0034
5735.4264
2850.7149
9619.038
5595.4404
6663.3336
959.904
1997.8002
8201.1798
1746.8253
1085.8914
3472.6527
1740.8259
4318.5681
2254.7745
5148.4851
2454.7545
5337.4662
1945.8054
9418.0581
8481.1518
440.9559
5037.4962
9232.0767
3560.6439
605.9394
8004.1995
2817.7182
7172.2827
3714.6285
6443.3556
7201.2798
718.9281
2158.7841
549.945
1632.8367
7345.2654
4358.5641
5380.4619
401.9598
4098.5901
117.9882
2929.707
1133.8866
7464.2535
2533.7466
9638.0361
136.9863
7332.2667
7309.269
3796.6203
5620.4379
1726.8273
1726.8273
419.958
8952.1047
6342.3657
1813.8186
5089.491
2231.7768
852.9147
3143.6856
8881.1118
1485.8514
9106.0893
4265.5734
505.9494
7461.2538
9531.0468
2193.7806
1671.8328
9753.0246
6684.3315
6200.3799
831.9168
2813.7186
4015.5984
5459.454
5909.409
3466.6533
659.934
8093.1906
2404.7595
107.9892
5075.4924
8564.1435
1531.8468
8469.153
4000.5999
5731.4268
7123.2876
6121.3878
2020.7979
6366.3633
3899.61
2003.7996
2658.7341
5868.4131
2027.7972
9959.004
9461.0538
5472.4527
6431.3568
714.9285
1419.858
4841.5158
6382.3617
9064.0935
3550.6449
2081.7918
8344.1655
2199.78
5945.4054
5626.4373
7539.246
8264.1735
6516.3483
7550.2449
5334.4665
8440.1559
2505.7494
9009.099
8679.132
2350.7649
4612.5387
2101.7898
984.9015
2674.7325
6611.3388
2855.7144
3254.6745
896.9103
8916.1083
329.967
8651.1348
2581.7418
1285.8714
171.9828
9433.0566
3061.6938
222.9777
4417.5582
613.9386
5274.4725
5781.4218
9499.05
4441.5558
2288.7711
9783.0216
1780.8219
3277.6722
3097.6902
6029.397
8633.1366
9573.0426
2633.7366
7241.2758
1081.8918
7358.2641
3176.6823
6567.3432
4893.5106
3766.6233
9444.0555
1412.8587
1885.8114
9811.0188
2303.7696
4375.5624
6393.3606
3373.6626
3845.6154
4117.5882
7176.2823
4456.5543
319.968
99.99
4661.5338
4244.5755
3048.6951
3664.6335
2769.723
1132.8867
1389.861
2703.7296
3340.6659
1301.8698
700.9299
1385.8614
2039.796
2558.7441
6564.3435
1004.8995
4197.5802
758.9241
8645.1354
5057.4942
648.9351
4471.5528
5058.4941
8374.1625
7091.2908
4143.5856
724.9275
3942.6057
8647.1352
8360.1639
4804.5195
5885.4114
4533.5466
8154.1845
2794.7205
1756.8243
3620.6379
8081.1918
7873.2126
7335.2664
9595.0404
5537.4462
6335.3664
4874.5125
141.9858
3820.6179
6044.3955
4965.5034
1082.8917
8569.143
736.9263
604.9395
9762.0237
8514.1485
6989.301
9428.0571
3608.6391
4320.5679
3053.6946
612.9387
8088.1911
7604.2395
244.9755
931.9068
7233.2766
6135.3864
7371.2628
8283.1716
7646.2353
7896.2103
4510.5489
7887.2112
4160.5839
7928.2071
8677.1322
4376.5623
5464.4535
2987.7012
6217.3782
7632.2367
5127.4872
5654.4345
4488.5511
6333.3666
165.9834
3009.699
2217.7782
9225.0774
4829.517
6455.3544
1641.8358
4652.5347
3620.6379
1605.8394
6922.3077
9011.0988
6197.3802
2908.7091
8860.1139
9739.026
2872.7127
8114.1885
2844.7155
7954.2045
8067.1932
8043.1956
3210.6789
7934.2065
9688.0311
7727.2272
874.9125
8981.1018
8035.1964
5468.4531
4550.5449
3711.6288
4127.5872
1189.881
2578.7421
6767.3232
8222.1777
2237.7762
5732.4267
2208.7791
1474.8525
6857.3142
884.9115
9875.0124
3403.6596
8740.1259
6107.3892
2896.7103
7412.2587
798.9201
778.9221
3921.6078
8800.1199
8261.1738
2093.7906
2748.7251
7038.2961
4212.5787
7446.2553
4888.5111
4857.5142
593.9406
3232.6767
6015.3984
2795.7204
8237.1762
9105.0894
7833.2166
7173.2826
807.9192
6871.3128
4403.5596
8935.1064
2564.7435
2904.7095
1371.8628
9746.0253
49.995
5775.4224
1157.8842
1669.833
5491.4508
6982.3017
4821.5178
5807.4192
5813.4186
2236.7763
1469.853
9230.0769
639.936
7688.2311
6045.3954
1337.8662
115.9884
1333.8666
7227.2772
1330.8669
6598.3401
9155.0844
9907.0092
5694.4305
8818.1181
2557.7442
1871.8128
2711.7288
3644.6355
6092.3907
7454.2545
6079.392
3443.6556
8476.1523
8906.1093
3206.6793
2876.7123
8297.1702
47.9952
7634.2365
4740.5259
9533.0466
2668.7331
8596.1403
755.9244
980.9019
8470.1529
1709.829
3041.6958
1391.8608
3501.6498
4708.5291
7422.2577
519.948
4292.5707
7218.2781
8579.142
9524.0475
5685.4314
5019.498
1584.8415
2705.7294
7117.2882
7153.2846
5085.4914
1042.8957
9305.0694
1654.8345
9689.031
263.9736
4394.5605
6470.3529
3190.6809
6503.3496
2122.7877
1500.8499
2015.7984
9185.0814
2740.7259
5007.4992
2118.7881
5731.4268
4565.5434
8300.1699
1967.8032
4479.552
4980.5019
175.9824
455.9544
3189.681
309.969
9893.0106
4789.521
6659.334
8530.1469
2811.7188
1307.8692
2245.7754
2492.7507
155.9844
9231.0768
4447.5552
4829.517
9859.014
8928.1071
8130.1869
9203.0796
6801.3198
6657.3342
6059.394
2010.7989
5343.4656
3246.6753
5151.4848
7231.2768
430.9569
7295.2704
1130.8869
3922.6077
5980.4019
3937.6062
1357.8642
2434.7565
5834.4165
2175.7824
9482.0517
73.9926
2478.7521
2297.7702
867.9132
8994.1005
9283.0716
5874.4125
4967.5032
7853.2146
4610.5389
1651.8348
697.9302
1007.8992
7138.2861
9023.0976
4279.572
5693.4306
3267.6732
4821.5178
4444.5555
1512.8487
7280.2719
1034.8965
7556.2443
2991.7008
3561.6438
6136.3863
9751.0248
4179.582
5351.4648
2114.7885
6114.3885
8309.169
7570.2429
5429.457
3153.6846
1184.8815
1242.8757
5803.4196
4480.5519
6033.3966
7736.2263
9901.0098
5337.4662
9640.0359
8126.1873
265.9734
2447.7552
6380.3619
4248.5751
2538.7461
2939.706
9663.0336
7088.2911
9452.0547
715.9284
4487.5512
5835.4164
5937.4062
5456.4543
2558.7441
6696.3303
8833.1166
2415.7584
9238.0761
6618.3381
1448.8551
2365.7634
3752.6247
6931.3068
6036.3963
1719.828
8026.1973
317.9682
2076.7923
7917.2082
7618.2381
6507.3492
57.9942
3176.6823
8772.1227
8878.1121
8407.1592
2563.7436
1070.8929
5572.4427
1362.8637
2103.7896
9768.0231
5167.4832
4388.5611
757.9242
6745.3254
9027.0972
9673.0326
3667.6332
2723.7276
9103.0896
8668.1331
8067.1932
7982.2017
8434.1565
1462.8537
744.9255
1890.8109
1133.8866
6512.3487
5932.4067
107.9892
739.926
7001.2998
3857.6142
6235.3764
8619.138
7783.2216
5199.48
9860.0139
2002.7997
3673.6326
8450.1549
5976.4023
6860.3139
132.9867
9233.0766
5366.4633
3846.6153
8696.1303
2190.7809
1724.8275
8532.1467
5011.4988
5995.4004
3005.6994
6904.3095
9748.0251
4412.5587
3255.6744
5987.4012
527.9472
5911.4088
9359.064
8586.1413
3624.6375
116.9883
3286.6713
2657.7342
1563.8436
8852.1147
5800.4199
5197.4802
5433.4566
5956.4043
4716.5283
6378.3621
7610.2389
7620.2379
3374.6625
2446.7553
4897.5102
5631.4368
7880.2119
4973.5026
7475.2524
2950.7049
9277.0722
8530.1469
3903.6096
7825.2174
3694.6305
4583.5416
5868.4131
687.9312
8419.158
9503.0496
4521.5478
290.9709
7699.23
2751.7248
6915.3084
9065.0934
2480.7519
4592.5407
3688.6311
7153.2846
1026.8973
3763.6236
1199.88
3134.6865
7049.295
8473.1526
4524.5475
7857.2142
457.9542
2944.7055
5392.4607
3049.695
8064.1935
5617.4382
329.967
7661.2338
136.9863
4390.5609
7276.2723
8131.1868
3995.6004
2667.7332
9546.0453
5228.4771
1498.8501
1100.8899
5474.4525
3046.6953
4300.5699
3099.69
3061.6938
6533.3466
3937.6062
7849.215
8993.1006
4854.5145
9002.0997
7842.2157
9894.0105
1808.8191
1158.8841
3604.6395
298.9701
9106.0893
3691.6308
7484.2515
2902.7097
3907.6092
2028.7971
5675.4324
9314.0685
1134.8865
7961.2038
4158.5841
3341.6658
6266.3733
6404.3595
4088.5911
4142.5857
4079.592
6316.3683
3381.6618
1300.8699
8464.1535
668.9331
1226.8773
4913.5086
1222.8777
7315.2684
1613.8386
3087.6912
1955.8044
9166.0833
5341.4658
3095.6904
9667.0332
8000.1999
8474.1525
3817.6182
7102.2897
4802.5197
1407.8592
3179.682
4146.5853
9462.0537
8034.1965
4771.5228
2730.7269
3986.6013
7809.219
6792.3207
6791.3208
672.9327
444.9555
60.9939
5434.4565
1796.8203
2542.7457
3561.6438
2642.7357
351.9648
3248.6751
4895.5104
8933.1066
3637.6362
94.9905
9389.061
90.9909
2863.7136
8629.137
8083.1916
1611.8388
111.9888
726.9273
2953.7046
3026.6973
537.9462
1112.8887
9479.052
9976.0023
6394.3605
5876.4123
5663.4336
4245.5754
7830.2169
1317.8682
1497.8502
2558.7441
4298.5701
4019.598
8517.1482
7744.2255
2729.727
3221.6778
6409.359
1972.8027
1521.8478
9774.0225
6656.3343
9078.0921
8850.1149
2558.7441
5782.4217
1583.8416
3149.685
2826.7173
574.9425
4918.5081
543.9456
2396.7603
2500.7499
5130.4869
19.998
3148.6851
8681.1318
8816.1183
7767.2232
1457.8542
2000.7999
1812.8187
1537.8462
5619.438
7222.2777
458.9541
4232.5767
2616.7383
8332.1667
1053.8946
8588.1411
6919.308
6311.3688
491.9508
4436.5563
7021.2978
8909.109
2391.7608
8777.1222
417.9582
690.9309
7845.2154
765.9234
9173.0826
8291.1708
7390.2609
7580.2419
560.9439
34.9965
9066.0933
1450.8549
4803.5196
7611.2388
2060.7939
133.9866
514.9485
5571.4428
8604.1395
3746.6253
6978.3021
2038.7961
5135.4864
5117.4882
6105.3894
3424.6575
1985.8014
6627.3372
7168.2831
5489.451
4846.5153
9150.0849
4444.5555
7977.2022
2934.7065
5996.4003
314.9685
7946.2053
6840.3159
4031.5968
429.957
6589.341
3605.6394
49.995
2113.7886
6983.3016
1609.839
5587.4412
1423.8576
4251.5748
8103.1896
3078.6921
2101.7898
2592.7407
9689.031
6563.3436
9530.0469
3180.6819
112.9887
8307.1692
6510.3489
5562.4437
9324.0675
2138.7861
6236.3763
3760.6239
7030.2969
5337.4662
5010.4989
2315.7684
6670.3329
9551.0448
5443.4556
3690.6309
6328.3671
8996.1003
8192.1807
483.9516
3902.6097
9895.0104
8148.1851
8435.1564
1903.8096
3145.6854
6522.3477
634.9365
1151.8848
975.9024
946.9053
8645.1354
6336.3663
3106.6893
4692.5307
6151.3848
4670.5329
5178.4821
5475.4524
1208.8791
7882.2117
6371.3628
2054.7945
5920.4079
6951.3048
5874.4125
4377.5622
7152.2847
3220.6779
4518.5481
2670.7329
2196.7803
646.9353
4210.5789
9537.0462
1571.8428
6298.3701
5039.496
7064.2935
9585.0414
8992.1007
6591.3408
2548.7451
9018.0981
3896.6103
1785.8214
3169.683
4974.5025
6194.3805
3163.6836
9960.0039
1225.8774
7065.2934
7505.2494
6164.3835
3468.6531
3002.6997
3390.6609
6572.3427
375.9624
1409.859
373.9626
9655.0344
3607.6392
3925.6074
6009.399
8739.126
1798.8201
372.9627
5608.4391
55.9944
1846.8153
4539.546
9708.0291
5655.4344
5686.4313
5868.4131
7073.2926
9665.0334
8278.1721
8831.1168
9989.001
9322.0677
355.9644
3528.6471
882.9117
1027.8972
5829.417
9173.0826
9880.0119
9217.0782
5546.4453
5915.4084
2078.7921
9157.0842
442.9557
3958.6041
969.903
6714.3285
9089.091
5678.4321
725.9274
2978.7021
1948.8051
9876.0123
3482.6517
6340.3659
9524.0475
5410.4589
6395.3604
858.9141
9607.0392
1549.845
5267.4732
155.9844
9288.0711
5862.4137
9467.0532
3507.6492
1436.8563
1263.8736
6762.3237
4284.5715
9635.0364
8122.1877
7426.2573
421.9578
6374.3625
3582.6417
8202.1797
4161.5838
41.9958
6880.3119
1801.8198
7400.2599
7634.2365
7340.2659
7799.22
1197.8802
5614.4385
8613.1386
5132.4867
2623.7376
1409.859
7417.2582
9654.0345
9943.0056
7213.2786
3286.6713
6379.362
7548.2451
9104.0895
7626.2373
6253.3746
8980.1019
1340.8659
865.9134
2566.7433
6196.3803
8241.1758
8222.1777
8226.1773
8543.1456
9135.0864
2885.7114
7518.2481
765.9234
6586.3413
2818.7181
8302.1697
9549.045
9541.0458
646.9353
7336.2663
926.9073
8141.1858
2441.7558
5833.4166
5875.4124
9424.0575
6124.3875
2309.769
4077.5922
2466.7533
8011.1988
6128.3871
4308.5691
3987.6012
6121.3878
2606.7393
5608.4391
8931.1068
3382.6617
1909.809
4919.508
9297.0702
4847.5152
3503.6496
7771.2228
6035.3964
8899.11
3415.6584
1428.8571
3391.6608
4748.5251
821.9178
1354.8645
4202.5797
5948.4051
6980.3019
8450.1549
6694.3305
5226.4773
8003.1996
6560.3439
4999.5
9683.0316
4555.5444
2425.7574
20.9979
3171.6828
3080.6919
7930.2069
6364.3635
3495.6504
6201.3798
6219.378
2435.7564
6959.304
9115.0884
1881.8118
494.9505
8653.1346
864.9135
5103.4896
4466.5533
5474.4525
4924.5075
2539.746
6656.3343
7915.2084
3584.6415
7134.2865
7539.246
4039.596
8528.1471
2533.7466
6167.3832
2971.7028
9042.0957
5728.4271
3917.6082
5638.4361
6455.3544
3496.6503
2707.7292
1846.8153
2635.7364
1784.8215
7955.2044
6376.3623
9340.0659
9560.0439
3226.6773
2480.7519
4146.5853
6997.3002
8712.1287
8710.1289
9072.0927
8705.1294
6727.3272
8297.1702
4199.58
5552.4447
7546.2453
2266.7733
6021.3978
79.992
9130.0869
6598.3401
7149.285
4054.5945
6795.3204
6642.3357
542.9457
1937.8062
4710.5289
8140.1859
1848.8151
7888.2111
1942.8057
9852.0147
7820.2179
8322.1677
9026.0973
9933.0066
4773.5226
3631.6368
8171.1828
345.9654
2204.7795
8425.1574
2128.7871
4971.5028
8341.1658
7643.2356
1122.8877
4526.5473
8452.1547
2397.7602
1976.8023
1049.895
4985.5014
3362.6637
1821.8178
5390.4609
1045.8954
8695.1304
4970.5029
8140.1859
1185.8814
5509.449
3285.6714
8943.1056
3218.6781
8925.1074
3304.6695
2339.766
4748.5251
568.9431
1298.8701
7780.2219
8535.1464
803.9196
3413.6586
39.996
7096.2903
6439.356
4962.5037
7165.2834
7788.2211
4300.5699
147.9852
7207.2792
8685.1314
8087.1912
5584.4415
4835.5164
8984.1015
8871.1128
8920.1079
453.9546
3578.6421
181.9818
2201.7798
1686.8313
7520.2479
7802.2197
3252.6747
7146.2853
2362.7637
8674.1325
790.9209
8851.1148
1858.8141
8900.1099
8371.1628
4100.5899
8456.1543
5381.4618
8319.168
6805.3194
3508.6491
3872.6127
3428.6571
5547.4452
3813.6186
2883.7116
7557.2442
108.9891
6551.3448
5499.45
7510.2489
6745.3254
5688.4311
4901.5098
7727.2272
447.9552
571.9428
2892.7107
9413.0586
4732.5267
3544.6455
4482.5517
2719.728
8754.1245
618.9381
7835.2164
1416.8583
2337.7662
2949.705
8081.1918
5238.4761
4724.5275
108.9891
3788.6211
4861.5138
2225.7774
6910.3089
2425.7574
8739.126
1379.862
9057.0942
7816.2183
1622.8377
1230.8769
5948.4051
146.9853
6639.336
642.9357
4430.5569
2600.7399
2600.7399
1465.8534
3131.6868
8489.151
7686.2313
54.9945
2656.7343
4280.5719
4787.5212
6647.3352
3091.6908
71.9928
1376.8623
7096.2903
4300.5699
8277.1722
9631.0368
6164.3835
6458.3541
4668.5331
9880.0119
4551.5448
4775.5224
3778.6221
527.9472
7725.2274
9817.0182
4679.532
431.9568
5892.4107
1592.8407
1047.8952
3122.6877
8771.1228
270.9729
87.9912
3423.6576
6540.3459
3399.66
7251.2748
5581.4418
5963.4036
4233.5766
8285.1714
7575.2424
9233.0766
6302.3697
547.9452
8536.1463
3179.682
4123.5876
9592.0407
390.9609
6268.3731
4318.5681
6185.3814
4834.5165
1219.878
1477.8522
5423.4576
4619.538
415.9584
3338.6661
1194.8805
3830.6169
3054.6945
3161.6838
797.9202
7068.2931
690.9309
1786.8213
9465.0534
9991.0008
9103.0896
5165.4834
5927.4072
5109.489
8212.1787
43.9956
8306.1693
7443.2556
4398.5601
6668.3331
3338.6661
6119.388
4231.5768
1275.8724
7359.264
3097.6902
5102.4897
6688.3311
1033.8966
3343.6656
4694.5305
8554.1445
5810.4189
6311.3688
7143.2856
2957.7042
2673.7326
6120.3879
1445.8554
7394.2605
473.9526
3457.6542
5418.4581
7843.2156
5902.4097
7801.2198
910.9089
2138.7861
6548.3451
2794.7205
6244.3755
6361.3638
58.9941
8316.1683
1273.8726
6550.3449
3717.6282
7851.2148
4949.505
6254.3745
2336.7663
2760.7239
7827.2172
6357.3642
9318.0681
7662.2337
7602.2397
8257.1742
3141.6858
9141.0858
7025.2974
8791.1208
9281.0718
3480.6519
8610.1389
4141.5858
3387.6612
5732.4267
491.9508
2768.7231
3937.6062
7917.2082
2436.7563
6681.3318
1801.8198
7845.2154
1356.8643
2509.749
8847.1152
6736.3263
5053.4946
5265.4734
8867.1132
7127.2872
5022.4977
4970.5029
2456.7543
3298.6701
1168.8831
9804.0195
947.9052
5479.452
2723.7276
9762.0237
9652.0347
6286.3713
3082.6917
2272.7727
5904.4095
5454.4545
9811.0188
8408.1591
7222.2777
1178.8821
9293.0706
5931.4068
7761.2238
4806.5193
6948.3051
8453.1546
3861.6138
3475.6524
4521.5478
6861.3138
8160.1839
7719.228
7490.2509
3849.615
1063.8936
8194.1805
2711.7288
7471.2528
2834.7165
6541.3458
8956.1043
8384.1615
4875.5124
2327.7672
4202.5797
1774.8225
3622.6377
8514.1485
505.9494
367.9632
2176.7823
5815.4184
2525.7474
7702.2297
7092.2907
5636.4363
1783.8216
1663.8336
9382.0617
9281.0718
9522.0477
9692.0307
1029.897
2479.752
5633.4366
6613.3386
2011.7988
325.9674
6437.3562
2908.7091
5400.4599
6693.3306
5326.4673
2297.7702
5211.4788
6640.3359
8310.1689
6243.3756
782.9217
2454.7545
2896.7103
5382.4617
8927.1072
5167.4832
4678.5321
7374.2625
7130.2869
8232.1767
3963.6036
5013.4986
538.9461
9298.0701
3560.6439
2204.7795
4073.5926
2567.7432
8030.1969
2422.7577
1689.831
4045.5954
9697.0302
5276.4723
6247.3752
4630.5369
7547.2452
5744.4255
6522.3477
4673.5326
6058.3941
3043.6956
5021.4978
7426.2573
4789.521
364.9635
1174.8825
6415.3584
8674.1325
4678.5321
845.9154
7094.2905
3727.6272
8638.1361
9002.0997
2560.7439
6703.3296
2117.7882
1411.8588
4969.503
4288.5711
8552.1447
3775.6224
4585.5414
5280.4719
1405.8594
2743.7256
2957.7042
3060.6939
9654.0345
9353.0646
3918.6081
665.9334
4262.5737
1817.8182
3227.6772
424.9575
8406.1593
5542.4457
8205.1794
7899.21
2108.7891
9985.0014
1893.8106
24.9975
4991.5008
5208.4791
7905.2094
570.9429
6920.3079
7116.2883
4761.5238
6749.325
4336.5663
4636.5363
5360.4639
2032.7967
6003.3996
7030.2969
6808.3191
5300.4699
1.9998
9550.0449
3854.6145
8269.173
5230.4769
8289.171
115.9884
5206.4793
1830.8169
1315.8684
5781.4218
2488.7511
4263.5736
2388.7611
3267.6732
630.9369
6784.3215
8545.1454
3384.6615
1264.8735
6528.3471
8371.1628
992.9007
4961.5038
4234.5765
9150.0849
529.947
8792.1207
2520.7479
9016.0983
3214.6785
3640.6359
3001.6998
9009.099
6082.3917
3742.6257
947.9052
5659.434
3208.6791
4704.5295
9201.0798
9688.0311
8997.1002
5500.4499
8468.1531
9965.0034
9367.0632
3425.6574
8900.1099
6400.3599
9081.0918
7895.2104
7507.2492
6762.3237
8228.1771
3898.6101
7170.2829
8042.1957
1551.8448
3707.6292
7124.2875
8260.1739
5061.4938
1504.8495
258.9741
4076.5923
8363.1636
388.9611
4002.5997
7312.2687
1532.8467
3954.6045
3746.6253
3017.6982
6380.3619
431.9568
7208.2791
1977.8022
9709.029
4725.5274
2266.7733
1564.8435
3219.678
9095.0904
5834.4165
4681.5318
7821.2178
4648.5351
6817.3182
8937.1062
5778.4221
9330.0669
7196.2803
4879.512
753.9246
4194.5805
2998.7001
7238.2761
6629.337
9199.08
1822.8177
7068.2931
3096.6903
9418.0581
5694.4305
7527.2472
1707.8292
1938.8061
3712.6287
8589.141
4411.5588
8762.1237
3486.6513
3735.6264
7076.2923
7830.2169
3603.6396
9459.054
8096.1903
5259.474
7764.2235
4727.5272
2136.7863
3663.6336
5111.4888
3403.6596
1050.8949
1910.8089
5695.4304
1476.8523
7756.2243
6969.303
3271.6728
5216.4783
3988.6011
4985.5014
8597.1402
7516.2483
3334.6665
2097.7902
849.915
8533.1466
1589.841
789.921
6950.3049
5628.4371
6410.3589
8714.1285
8429.157
2628.7371
4655.5344
8651.1348
4799.52
3174.6825
8436.1563
1903.8096
8135.1864
5515.4484
7837.2162
4967.5032
438.9561
8832.1167
9585.0414
6091.3908
5211.4788
8601.1398
3205.6794
8725.1274
7378.2621
5228.4771
7757.2242
1539.846
124.9875
2458.7541
716.9283
7468.2531
309.969
5585.4414
7288.2711
4199.58
1013.8986
458.9541
7618.2381
6827.3172
1758.8241
2309.769
5779.422
5566.4433
9276.0723
7008.2991
6546.3453
6047.3952
4308.5691
256.9743
7623.2376
3872.6127
4860.5139
336.9663
4867.5132
513.9486
4309.569
4310.5689
8610.1389
5029.497
3173.6826
9745.0254
4482.5517
6988.3011
9390.0609
6989.301
9299.07
4677.5322
8144.1855
3968.6031
1270.8729
8241.1758
5827.4172
1389.861
4869.513
5544.4455
8040.1959
9208.0791
736.9263
9284.0715
3059.694
3532.6467
5778.4221
3288.6711
317.9682
5092.4907
4345.5654
9673.0326
4163.5836
7911.2088
8105.1894
837.9162
2693.7306
7491.2508
120.9879
5203.4796
9026.0973
2655.7344
6743.3256
7115.2884
5715.4284
3309.669
345.9654
9747.0252
8040.1959
9062.0937
7308.2691
991.9008
1781.8218
5483.4516
5149.485
3090.6909
7823.2176
1247.8752
9689.031
4775.5224
3120.6879
6688.3311
7904.2095
6862.3137
7263.2736
694.9305
1842.8157
3098.6901
9549.045
1806.8193
329.967
6740.3259
1272.8727
8351.1648
8930.1069
6693.3306
1308.8691
956.9043
7962.2037
8086.1913
3235.6764
6875.3124
1296.8703
8724.1275
8156.1843
8188.1811
7254.2745
5415.4584
9191.0808
5562.4437
6317.3682
9349.065
815.9184
2936.7063
1698.8301
4456.5543
9774.0225
5816.4183
817.9182
9457.0542
3553.6446
213.9786
3259.674
8889.111
8954.1045
359.964
9807.0192
2914.7085
8014.1985
4666.5333
7891.2108
7362.2637
8717.1282
4073.5926
4055.5944
9028.0971
2701.7298
2572.7427
8825.1174
8535.1464
3597.6402
3273.6726
1734.8265
1977.8022
2967.7032
1877.8122
2725.7274
4166.5833
5661.4338
5601.4398
9943.0056
8693.1306
9395.0604
5225.4774
4076.5923
2186.7813
1575.8424
2634.7365
6399.36
3620.6379
2283.7716
1856.8143
180.9819
7855.2144
979.902
3882.6117
5559.444
9611.0388
6289.371
4019.598
5848.4151
9319.068
4698.5301
648.9351
2465.7534
9030.0969
9582.0417
6737.3262
6473.3526
8144.1855
1803.8196
408.9591
3089.691
7653.2346
8878.1121
1310.8689
298.9701
4983.5016
8893.1106
6974.3025
8015.1984
6352.3647
4219.578
1385.8614
8373.1626
9236.0763
7285.2714
7399.26
3316.6683
2029.797
7750.2249
9374.0625
9856.0143
8345.1654
8673.1326
9377.0622
2848.7151
3973.6026
2615.7384
5833.4166
669.933
7247.2752
2815.7184
5490.4509
8084.1915
5718.4281
1481.8518
1261.8738
2717.7282
8334.1665
8425.1574
799.92
4388.5611
5249.475
4909.509
4077.5922
9670.0329
6762.3237
4359.564
1376.8623
8249.175
7426.2573
7636.2363
1291.8708
5127.4872
2695.7304
2087.7912
9118.0881
5984.4015
5857.4142
9135.0864
830.9169
7808.2191
387.9612
8827.1172
6422.3577
8559.144
303.9696
4586.5413
7595.2404
9782.0217
4406.5593
5929.407
3995.6004
8557.1442
2458.7541
8405.1594
6362.3637
7050.2949
6386.3613
2092.7907
6958.3041
9722.0277
5219.478
8359.164
4187.5812
1891.8108
6328.3671
5867.4132
5855.4144
2249.775
9399.06
5070.4929
4655.5344
6880.3119
2505.7494
6616.3383
8927.1072
2653.7346
6299.37
1395.8604
1170.8829
949.905
8625.1374
3597.6402
5627.4372
9431.0568
3341.6658
5157.4842
6283.3716
5443.4556
1281.8718
4154.5845
461.9538
6711.3288
9087.0912
1726.8273
8851.1148
3806.6193
2415.7584
5874.4125
1193.8806
5075.4924
670.9329
8255.1744
1058.8941
6728.3271
8344.1655
7082.2917
3226.6773
5018.4981
7530.2469
9202.0797
8460.1539
5119.488
46.9953
7640.2359
5504.4495
362.9637
7843.2156
3259.674
5487.4512
3627.6372
2802.7197
6150.3849
1130.8869
1049.895
8933.1066
256.9743
2591.7408
6717.3282
2794.7205
5083.4916
863.9136
5133.4866
2208.7791
3189.681
2394.7605
2512.7487
3816.6183
9709.029
1902.8097
6249.375
6725.3274
7828.2171
1303.8696
7843.2156
4329.567
1837.8162
3627.6372
6791.3208
4360.5639
4791.5208
4787.5212
8078.1921
3776.6223
605.9394
5025.4974
2922.7077
2773.7226
9700.0299
4694.5305
7183.2816
6943.3056
973.9026
672.9327
5963.4036
427.9572
145.9854
9652.0347
3023.6976
6979.302
5245.4754
3748.6251
3060.6939
9085.0914
1976.8023
3504.6495
1770.8229
3439.656
4194.5805
7976.2023
5929.407
1603.8396
2883.7116
5613.4386
3658.6341
3904.6095
674.9325
7826.2173
927.9072
7126.2873
1485.8514
8500.1499
9120.0879
8348.1651
9077.0922
8470.1529
7018.2981
1667.8332
4236.5763
866.9133
8489.151
5946.4053
5569.443
3656.6343
2242.7757
3865.6134
1263.8736
3443.6556
3801.6198
3023.6976
5876.4123
4571.5428
2639.736
4919.508
52.9947
9878.0121
4344.5655
2931.7068
399.96
5444.4555
3600.6399
5185.4814
2819.718
7228.2771
3727.6272
749.925
9235.0764
6959.304
5223.4776
9790.0209
1173.8826
5989.401
6225.3774
3654.6345
2684.7315
4290.5709
9462.0537
3786.6213
7963.2036
5897.4102
3959.604
1912.8087
7724.2275
990.9009
2624.7375
5297.4702
3761.6238
5559.444
3354.6645
6750.3249
1713.8286
9987.0012
8409.159
1761.8238
7384.2615
6180.3819
1051.8948
2219.778
2970.7029
8715.1284
9923.0076
6277.3722
2338.7661
6512.3487
9211.0788
331.9668
6806.3193
6861.3138
7381.2618
2981.7018
85.9914
846.9153
1111.8888
8648.1351
4957.5042
6329.367
9305.0694
3106.6893
3175.6824
6222.3777
7441.2558
8681.1318
8617.1382
4264.5735
276.9723
5794.4205
4337.5662
3978.6021
1275.8724
1657.8342
2902.7097
5227.4772
3286.6713
9063.0936
5877.4122
3817.6182
3486.6513
5448.4551
3698.6301
8530.1469
9425.0574
578.9421
5758.4241
9580.0419
7167.2832
2327.7672
2358.7641
5296.4703
2062.7937
6355.3644
3801.6198
5841.4158
4808.5191
6955.3044
9493.0506
8521.1478
7757.2242
9362.0637
2885.7114
781.9218
1196.8803
6979.302
9515.0484
2912.7087
7875.2124
4065.5934
9334.0665
1773.8226
7287.2712
5213.4786
9021.0978
1723.8276
9345.0654
4435.5564
9899.01
4444.5555
7538.2461
6937.3062
7805.2194
8173.1826
2070.7929
3604.6395
460.9539
4268.5731
1045.8954
364.9635
8617.1382
4401.5598
6719.328
4811.5188
1715.8284
8041.1958
2806.7193
3376.6623
9828.0171
904.9095
3713.6286
7521.2478
6174.3825
8812.1187
910.9089
9816.0183
6051.3948
5271.4728
4964.5035
6847.3152
1322.8677
5139.486
7655.2344
7242.2757
1072.8927
1591.8408
7427.2572
4340.5659
5076.4923
8356.1643
5533.4466
5780.4219
9687.0312
7259.274
924.9075
7042.2957
1712.8287
3736.6263
6396.3603
8062.1937
155.9844
1426.8573
4508.5491
9096.0903
7201.2798
9101.0898
1574.8425
3669.633
9496.0503
9163.0836
2912.7087
4584.5415
1478.8521
480.9519
5243.4756
4943.5056
5933.4066
7955.2044
1623.8376
7985.2014
3172.6827
7296.2703
7413.2586
491.9508
3386.6613
8032.1967
9315.0684
9070.0929
9898.0101
6291.3708
548.9451
3219.678
5019.498
550.9449
5901.4098
4051.5948
1544.8455
2771.7228
9761.0238
2980.7019
8313.1686
7236.2763
3208.6791
391.9608
3936.6063
2149.785
3979.602
5424.4575
7168.2831
5436.4563
2302.7697
2064.7935
1732.8267
5009.499
7170.2829
6687.3312
9493.0506
7382.2617
1307.8692
1320.8679
9540.0459
7073.2926
8177.1822
125.9874
707.9292
7097.2902
2735.7264
3979.602
644.9355
9484.0515
6533.3466
9474.0525
623.9376
1171.8828
4889.511
7666.2333
3911.6088
2790.7209
6620.3379
9875.0124
7797.2202
2376.7623
3252.6747
472.9527
7576.2423
4256.5743
6119.388
1206.8793
5690.4309
7879.212
9179.082
2686.7313
7834.2165
7268.2731
9805.0194
8304.1695
8174.1825
2780.7219
6531.3468
6117.3882
2015.7984
7832.2167
3435.6564
9444.0555
8576.1423
631.9368
4954.5045
4111.5888
8748.1251
5076.4923
3027.6972
9557.0442
6806.3193
6566.3433
6444.3555
2721.7278
4354.5645
6757.3242
7505.2494
246.9753
1499.85
4331.5668
4115.5884
6571.3428
672.9327
4822.5177
7954.2045
4513.5486
2029.797
2948.7051
4201.5798
4208.5791
5268.4731
3700.6299
1104.8895
3336.6663
3125.6874
8363.1636
4224.5775
8731.1268
4809.519
6118.3881
9666.0333
6591.3408
8036.1963
1713.8286
8284.1715
8268.1731
5431.4568
6967.3032
70.9929
8142.1857
8660.1339
6806.3193
9457.0542
6457.3542
8168.1831
9511.0488
1485.8514
2649.735
8421.1578
2646.7353
4058.5941
3404.6595
3385.6614
8863.1136
1571.8428
7484.2515
1611.8388
1861.8138
9143.0856
2557.7442
159.984
3660.6339
6853.3146
6630.3369
5266.4733
9722.0277
8564.1435
8648.1351
3592.6407
2893.7106
4778.5221
3088.6911
3630.6369
36.9963
6665.3334
9140.0859
7916.2083
2546.7453
3582.6417
447.9552
4366.5633
5136.4863
8144.1855
352.9647
8365.1634
7421.2578
6126.3873
8153.1846
1824.8175
8227.1772
7973.2026
138.9861
5611.4388
6991.3008
733.9266
2871.7128
1107.8892
9558.0441
667.9332
308.9691
896.9103
4581.5418
6919.308
8595.1404
3986.6013
3099.69
1224.8775
4473.5526
9293.0706
6842.3157
2242.7757
2018.7981
2618.7381
8137.1862
5746.4253
1246.8753
5918.4081
6211.3788
6776.3223
8890.1109
1486.8513
8832.1167
1473.8526
5331.4668
38.9961
7316.2683
4484.5515
6307.3692
4958.5041
2544.7455
3728.6271
150.9849
8802.1197
4810.5189
5161.4838
5151.4848
3802.6197
6324.3675
6201.3798
270.9729
1506.8493
9589.041
3748.6251
1237.8762
9891.0108
8422.1577
4746.5253
7981.2018
3258.6741
2730.7269
5165.4834
6102.3897
4084.5915
7527.2472
807.9192
1834.8165
3453.6546
8338.1661
1024.8975
7327.2672
8775.1224
9874.0125
628.9371
2800.7199
4615.5384
4787.5212
7268.2731
6264.3735
5044.4955
7761.2238
84.9915
360.9639
662.9337
7039.296
9191.0808
8885.1114
4056.5943
7102.2897
9328.0671
3790.6209
7105.2894
8006.1993
6550.3449
5556.4443
8694.1305
8162.1837
7670.2329
2482.7517
1122.8877
7487.2512
4328.5671
6318.3681
1549.845
6172.3827
9216.0783
207.9792
2414.7585
6506.3493
1734.8265
7789.221
2962.7037
8469.153
1732.8267
4249.575
9995.0004
122.9877
2034.7965
8791.1208
1561.8438
8365.1634
8634.1365
9242.0757
1748.8251
9789.021
5473.4526
1017.8982
7766.2233
5321.4678
9681.0318
6025.3974
6450.3549
3376.6623
4622.5377
625.9374
4391.5608
3136.6863
1042.8957
5626.4373
6456.3543
6574.3425
7626.2373
152.9847
7547.2452
4513.5486
7412.2587
3883.6116
5256.4743
7738.2261
7089.291
3890.6109
5512.4487
6135.3864
3248.6751
9779.022
4508.5491
3663.6336
783.9216
75.9924
3310.6689
1139.886
6758.3241
4166.5833
699.93
2453.7546
1596.8403
4362.5637
3183.6816
5497.4502
163.9836
1070.8929
9945.0054
3574.6425
4207.5792
4834.5165
8826.1173
838.9161
7569.243
8792.1207
2287.7712
381.9618
1917.8082
9214.0785
2691.7308
6543.3456
4231.5768
6313.3686
7542.2457
1836.8163
433.9566
1949.805
4554.5445
5177.4822
5279.472
6481.3518
4705.5294
127.9872
5881.4118
1940.8059
3363.6636
8024.1975
2952.7047
7843.2156
8697.1302
6172.3827
5042.4957
7743.2256
1243.8756
5776.4223
7727.2272
3745.6254
3602.6397
172.9827
4421.5578
330.9669
1014.8985
4443.5556
3894.6105
6766.3233
8383.1616
2475.7524
1148.8851
127.9872
3990.6009
412.9587
9074.0925
9957.0042
7976.2023
1716.8283
4890.5109
8639.136
7541.2458
6447.3552
6564.3435
998.9001
6615.3384
465.9534
4295.5704
873.9126
5751.4248
2081.7918
2120.7879
9062.0937
7018.2981
4171.5828
2629.737
2369.763
5523.4476
7513.2486
8761.1238
2181.7818
955.9044
567.9432
2862.7137
9541.0458
5774.4225
1885.8114
5079.492
9083.0916
2456.7543
8552.1447
6910.3089
6852.3147
4067.5932
2712.7287
6.9993
680.9319
6717.3282
7193.2806
5759.424
3581.6418
924.9075
7639.236
6785.3214
4651.5348
302.9697
6253.3746
7827.2172
3403.6596
158.9841
398.9601
5695.4304
5373.4626
9881.0118
1131.8868
2993.7006
9067.0932
455.9544
2870.7129
5132.4867
1949.805
3043.6956
4404.5595
2039.796
2876.7123
3097.6902
4738.5261
9934.0065
2169.783
5789.421
9626.0373
6081.3918
9804.0195
1134.8865
1125.8874
2689.731
1343.8656
2564.7435
8854.1145
275.9724
7813.2186
3198.6801
9258.0741
2349.765
2244.7755
2299.77
5058.4941
5058.4941
781.9218
3509.649
960.9039
7751.2248
2295.7704
4927.5072
6213.3786
9221.0778
1309.869
3205.6794
8146.1853
361.9638
4842.5157
689.931
6196.3803
7223.2776
8833.1166
3044.6955
9874.0125
49.995
4688.5311
7883.2116
4696.5303
6207.3792
688.9311
7749.225
2154.7845
374.9625
9628.0371
9625.0374
4489.551
9726.0273
5641.4358
6538.3461
9736.0263
6142.3857
456.9543
6243.3756
1318.8681
7434.2565
6106.3893
6451.3548
5494.4505
1972.8027
4554.5445
2895.7104
4.9995
1802.8197
1117.8882
9108.0891
8292.1707
7777.2222
4450.5549
3690.6309
1866.8133
7891.2108
8874.1125
9662.0337
888.9111
8120.1879
4861.5138
6148.3851
5495.4504
7554.2445
9636.0363
5573.4426
5735.4264
545.9454
7368.2631
2585.7414
9570.0429
7538.2461
1167.8832
1700.8299
6491.3508
3345.6654
5707.4292
6344.3655
1087.8912
3914.6085
6354.3645
3583.6416
1391.8608
7823.2176
5125.4874
9613.0386
9507.0492
4488.5511
5393.4606
9213.0786
3265.6734
1135.8864
3430.6569
5367.4632
8083.1916
3899.61
2944.7055
5056.4943
2382.7617
1960.8039
1001.8998
7372.2627
3751.6248
6740.3259
4004.5995
8474.1525
5234.4765
1168.8831
2313.7686
590.9409
3782.6217
9889.011
3573.6426
3186.6813
6295.3704
9249.075
4213.5786
7203.2796
377.9622
600.9399
1800.8199
2894.7105
7661.2338
22.9977
5133.4866
2432.7567
760.9239
9659.034
5481.4518
4313.5686
4369.563
3336.6663
4573.5426
9228.0771
2170.7829
4635.5364
9657.0342
4827.5172
3540.6459
6457.3542
4948.5051
7588.2411
6617.3382
1491.8508
6465.3534
4629.537
7774.2225
3373.6626
1451.8548
1114.8885
4755.5244
1202.8797
1201.8798
72.9927
8019.198
2664.7335
8280.1719
9818.0181
6512.3487
9776.0223
820.9179
6436.3563
9646.0353
3802.6197
5639.436
9025.0974
995.9004
4683.5316
9283.0716
4189.581
2916.7083
8324.1675
1294.8705
5408.4591
6510.3489
7792.2207
6523.3476
8025.1974
9360.0639
320.9679
7655.2344
1687.8312
2670.7329
8392.1607
1074.8925
1742.8257
6525.3474
5196.4803
1114.8885
8628.1371
5305.4694
1431.8568
8121.1878
1916.8083
8232.1767
6633.3366
2202.7797
4308.5691
3868.6131
728.9271
4481.5518
9573.0426
8496.1503
9568.0431
5862.4137
4616.5383
805.9194
7797.2202
3424.6575
5032.4967
7357.2642
4000.5999
6847.3152
5290.4709
7950.2049
8401.1598
3557.6442
